1  0.0003269055245   
2  9.296551349e-05   
3  0.001851630712   
4  0.002129644683   
5  7.22357625e-05   
6  0.0002116110029   
7  0.005449327917   
8  0.003445701814   
9  0.002774079434   
10  0.0007424174496   
11  0.001253224489   
12  0.002085031917   
13  0.01989406028   
14  6.855856815e-05   
15  0.000229849906   
16  2.404665127e-05   
17  0.0006115764245   
18  0.01317439521   
19  1.071002169e-05   
20  0.008529793796   
21  0.0001053986058   
22  0.001285277179   
23  0.003803949802   
24  0.0007635148171   
25  0.0001936513879   
26  0.02749986429   
27  6.708180549e-05   
28  0.0001147404519   
29  0.0001250860496   
30  0.001675471011   
31  0.004654613181   
32  0.0002972219981   
33  0.00216182855   
34  0.003701169558   
35  0.0006894936479   
36  0.0004708386748   
37  0.002056276396   
38  0.0003625102167   
39  0.0009856034007   
40  0.003546841303   
41  0.03609787142   
42  0.0004664594085   
43  0.003526796901   
44  0.001739545216   
45  0.0003468031296   
46  0.01424227374   
47  0.0008589943596   
48  0.009638396753   
49  0.002406025373   
50  0.0001948494015   
51  0.002133978188   
52  0.001096505305   
53  0.04558406829   
54  0.0008705485279   
55  0.0005313285874   
56  0.0343327656   
57  0.0003632935915   
58  0.01632260647   
59  0.005590035149   
60  0.0007259160843   
61  0.03108582724   
62  0.0005431984421   
63  0.0002125831588   
64  0.002920540579   
65  0.000117635442   
66  0.05656376206   
67  0.001253319404   
68  6.4844919e-05   
69  0.002587646505   
70  0.002267027301   
71  0.0004501862851   
72  0.005972151668   
73  0.002839992498   
74  0.0003211140533   
75  0.001909078278   
76  0.0006700518338   
77  0.015738191   
78  0.007133165128   
79  0.003827955188   
80  0.000792888908   
81  0.0002044427189   
82  0.009549468614   
83  0.0003985549373   
84  0.0001633374786   
85  0.0001846075141   
86  0.002420474493   
87  0.0002636897781   
88  0.0003852622098   
89  0.003200714515   
90  0.006157189287   
91  0.001260463374   
92  0.0001421646724   
93  0.001159687953   
94  0.00737410892   
95  0.006181235546   
96  0.0001157408125   
97  0.0002705796381   
98  0.001237445205   
99  0.007414080029   
100  0.01006504518   
101  0.0004453983539   
102  0.00646669524   
103  0.003261710968   
104  0.001679598762   
105  0.0002605392527   
106  0.02023409151   
107  0.001003908111   
108  0.0002343914142   
109  0.0001913379802   
110  7.936421018e-05   
111  0.01269352736   
112  0.0010779086   
113  0.0007916593612   
114  0.0001877875249   
115  0.005691711353   
116  0.001839401956   
117  0.004818164032   
118  0.0002838388128   
119  0.0002121797353   
120  0.009802276944   
121  0.0003015663933   
122  7.21835739e-06   
123  0.001599647024   
124  0.0008044492917   
125  0.005824154528   
126  0.0002330960022   
127  0.0004978718965   
128  0.0006908889987   
129  0.0007827100141   
130  0.005293756569   
131  0.0001065692774   
132  0.0007559591862   
133  0.03229584259   
134  0.002529942753   
135  0.0006914880222   
136  0.001457617448   
137  0.000142687202   
138  0.001161372176   
139  0.006410412491   
140  9.237288224e-05   
141  0.002433831546   
142  0.006487288336   
143  0.03653468613   
144  0.0003596807453   
145  0.0005100675449   
146  0.03490023357   
147  0.01226637545   
148  0.0005414558424   
149  0.009021106339   
150  0.0001149143613   
151  0.01633971929   
152  0.0002637466873   
153  0.03650503197   
154  0.0006722377917   
155  0.0003572877773   
156  0.04312816537   
157  0.003353510434   
158  0.002176994163   
159  0.001959802289   
160  0.0007873074437   
161  0.009245140995   
162  0.003072170699   
163  0.0001936877844   
164  0.0007281716338   
165  7.875025006e-05   
166  0.001189021835   
167  0.0002057781854   
168  0.000919025164   
169  0.0003994722313   
170  0.0005112598379   
171  0.0001613804968   
172  0.0006374322587   
173  0.002516789652   
174  0.0001781033411   
175  0.00683345142   
176  0.0005230807373   
177  0.001443473126   
178  0.000206910229   
179  0.0001025269561   
180  0.0003962574525   
181  0.003020742509   
182  0.002465688821   
183  0.0006059849103   
184  0.00128577003   
185  0.0004876755896   
186  0.0003880220709   
187  0.01315794286   
188  0.0001213473411   
189  0.0003093611097   
190  0.0004568192516   
191  0.0002524178539   
192  0.0002619098663   
193  0.009275779665   
194  0.002060734945   
195  0.0005249840152   
196  0.001742845538   
197  0.005638020487   
198  6.11356001e-05   
199  5.515663261e-05   
200  0.05630447355   
201  0.005305626256   
202  0.0001250482855   
203  0.0001266401404   
204  0.0008071422768   
205  0.03481996396   
206  0.0006285773097   
207  0.0001498000382   
208  0.002691556761   
209  0.00454091521   
210  0.0006367916016   
211  0.005516310674   
212  3.847822013e-05   
213  0.00276236191   
214  0.0007777166719   
215  0.001108021725   
216  0.005011992191   
217  0.0007866080607   
218  0.04463647781   
219  0.003247507996   
220  0.000827642291   
221  8.924973695e-05   
222  0.002153098313   
223  0.03676079342   
224  0.0001723210673   
225  0.07058564427   
226  0.02290364546   
227  0.0003917622956   
228  0.00360195144   
229  0.0002131863755   
230  0.00362436763   
231  0.0005961213175   
232  0.0001354569456   
233  0.0005064809753   
234  0.001620089804   
235  0.0421933404   
236  0.0008444715294   
237  0.000204252245   
238  0.0008749303392   
239  0.0003632742428   
240  0.001216109061   
241  0.001572182633   
242  0.01353738007   
243  0.008353773086   
244  7.846734036e-05   
245  0.0001029069149   
246  0.005917596613   
247  0.0003546105714   
248  0.0001775534492   
249  0.002540675247   
250  0.0143082922   
251  0.0005783892151   
252  9.067352402e-05   
253  0.0008559351175   
254  0.0003440530944   
255  0.004523010551   
256  0.0008656384844   
257  0.0001444819849   
258  0.0003316066364   
259  0.03266825621   
260  7.684534102e-05   
261  0.001028285509   
262  0.00104871164   
263  0.0004160609271   
264  0.02135087943   
265  0.001709088161   
266  4.729606005e-06   
267  0.01819239694   
268  0.0004856190609   
269  0.001321319286   
270  0.0001236902689   
271  0.0002552216739   
272  0.0001551660581   
273  3.569981918e-05   
274  0.0008513972202   
275  0.005439649   
276  0.01369274414   
277  0.04846210959   
278  0.0005566070488   
279  0.0004074165794   
280  0.0002709154753   
281  0.03621944582   
282  0.03355084092   
283  0.0004993415452   
284  0.0009971506427   
285  0.001318672892   
286  0.0004360870836   
287  0.0005741776445   
288  4.035770122e-06   
289  0.0004214334684   
290  0.02442748259   
291  0.0006180023937   
292  0.0005594897538   
293  0.0004973372308   
294  0.005672821915   
295  0.002749506623   
296  0.0004288071541   
297  0.000803969835   
298  0.05938744334   
299  0.000111529126   
300  0.0001269200143   
301  0.03151280632   
302  0.001076256527   
303  0.01245521328   
304  0.0003804116335   
305  0.0008373462175   
306  0.0016327533   
307  0.001879038194   
308  0.001403297739   
309  0.02052072839   
310  0.00804349629   
311  0.0001136044774   
312  0.00182909652   
313  0.05673155761   
314  0.0007093616175   
315  0.039285059   
316  0.0002819399282   
317  0.0008472100159   
318  0.001631878075   
319  0.0009209015973   
320  0.003173126613   
321  0.0004861195737   
322  0.04604636823   
323  0.0003952644388   
324  0.001411990321   
325  0.002095789958   
326  0.0004598113264   
327  0.0003805226222   
328  0.0002930406641   
329  0.000268328595   
330  0.00094069211   
331  0.006756801167   
332  0.002620673128   
333  0.0005365587188   
334  0.0003368868516   
335  0.0002673532322   
336  0.0348007907   
337  0.0001473592589   
338  0.001109639554   
339  6.405110237e-05   
340  0.01009577768   
341  0.0002574072335   
342  0.002625797511   
343  7.860879997e-05   
344  0.0003815140048   
345  0.002762968702   
346  0.0001055641814   
347  0.0001404315632   
348  0.0004935479161   
349  0.00106259649   
350  0.0005269950297   
351  0.002845142674   
352  0.0007749516226   
353  0.0007052777318   
354  0.002048795561   
355  0.004065886408   
356  0.02992724706   
357  0.003708163288   
358  0.0002110995706   
359  0.009258401853   
360  0.003162151661   
361  0.0002213598193   
362  0.01285027196   
363  0.02070712348   
364  0.0001432491126   
365  0.00151485511   
366  0.001055837006   
367  0.04806070594   
368  0.0001714899659   
369  0.0009964917063   
370  0.002327585827   
371  0.0001028000746   
372  0.0004844402626   
373  0.01038307697   
374  0.0003956997266   
375  0.001124235901   
376  0.000587177853   
377  0.009299216788   
378  0.00023124885   
379  0.0006303664421   
380  0.001796128709   
381  0.004208885024   
382  0.001175828217   
383  0.002568296556   
384  0.004981193313   
385  0.0009243086839   
386  0.0002210688615   
387  0.002328376592   
388  0.000114018944   
389  0.03435337442   
390  7.781115354e-05   
391  0.0002228891431   
392  4.336102185e-05   
393  0.0004263271479   
394  0.0638199072   
395  0.0005027210528   
396  0.000404765906   
397  0.00194293279   
398  0.0007216196535   
399  0.00034894919   
400  0.0005336018356   
401  2.137820107e-05   
402  0.001675888713   
403  0.001202214228   
404  4.637125217e-05   
405  0.0001544711912   
406  0.003801259729   
407  0.0001215146124   
408  0.006246781554   
409  0.0002272674075   
410  0.0003440320626   
411  0.0001079755704   
412  0.05420573464   
413  0.001415815478   
414  0.0001757161482   
415  0.00112670256   
416  0.0006825277292   
417  0.000170777921   
418  0.0001763529054   
419  0.005308325581   
420  5.039325373e-05   
421  0.0538270341   
422  0.0007850897947   
423  0.001154188319   
424  0.0001163465227   
425  0.0006509962258   
426  0.0005177619985   
427  0.0003263731727   
428  3.471599983e-05   
429  8.942954685e-05   
430  0.02008440709   
431  0.001109485563   
432  0.0001054656316   
433  0.006402110023   
434  0.004539863849   
435  0.0004890671704   
436  0.001216727495   
437  0.003585313636   
438  0.00132924877   
439  0.0007255674209   
440  0.001960385105   
441  0.0003431691907   
442  0.001696309725   
443  0.0003637461758   
444  0.008208669536   
445  0.0333586365   
446  0.0002864598717   
447  0.0001081309261   
448  0.002265754871   
449  0.001891794836   
450  0.0001000878531   
451  0.001543188254   
452  0.0007630677017   
453  0.0003375645089   
454  0.002651894553   
455  0.000286885656   
456  0.0004630558581   
457  0.004032615059   
458  0.03363518308   
459  0.003190491048   
460  0.0001886968267   
461  0.001696742854   
462  7.200467648e-05   
463  0.0003416196738   
464  0.004319430444   
465  0.003430651257   
466  5.383433073e-05   
467  0.0004118177985   
468  0.0001333744274   
469  0.0003943358049   
470  0.0001995532073   
471  0.0006603153663   
472  0.002455860215   
473  0.0001680412007   
474  0.005563115928   
475  0.0005046976719   
476  0.0001986730637   
477  0.0004173526418   
478  0.0006620890462   
479  0.000599882568   
480  6.509497232e-05   
481  0.0009675368505   
482  0.0009395177374   
483  0.0003247402104   
484  0.001226587399   
485  0.0004759063829   
486  0.000129916174   
487  0.0003205458885   
488  0.0002981499858   
489  0.0002753954705   
490  0.01772187604   
491  0.0003228285537   
492  0.05333820968   
493  0.0001841819963   
494  0.03872372655   
495  0.0004228879769   
496  0.0002483138852   
497  0.001197586   
498  0.00148105022   
499  0.002292864414   
500  0.000607684465   
501  0.0007766886782   
502  0.000969065259   
503  0.0005780179586   
504  0.0005534240732   
505  0.0002450570299   
506  1.226787086e-05   
507  0.02386025685   
508  0.0003556679742   
509  0.0002281199115   
510  0.0003653202584   
511  0.0004313854682   
512  0.001296814342   
513  0.002006411138   
514  0.003755848302   
515  0.03893126039   
516  9.523384796e-05   
517  0.002520190218   
518  0.0004365144702   
519  0.0002128144629   
520  0.007396542704   
521  0.001166316191   
522  0.000244208267   
523  0.0004973650598   
524  0.0003260957569   
525  0.02779960833   
526  0.0001438988605   
527  0.0001415035709   
528  0.001260177632   
529  0.0002615479472   
530  0.0003115428149   
531  0.00085606241   
532  0.0005014824424   
533  0.0009940311236   
534  0.0003777717472   
535  0.000257723011   
536  0.0201057605   
537  0.0004428864237   
538  0.0007776114635   
539  0.006866474205   
540  1.008537259e-05   
541  0.0003869951439   
542  0.005382930841   
543  0.0008511099461   
544  0.004512099573   
545  0.000283571508   
546  0.0009764705542   
547  0.0009298218188   
548  0.01158763444   
549  9.399424942e-05   
550  0.000465147938   
551  0.001166258741   
552  0.0004993495521   
553  0.001913376718   
554  0.0004167704539   
555  0.001703063424   
556  0.03298309042   
557  0.01926974773   
558  0.004061243858   
559  7.079384759e-05   
560  0.0002109765871   
561  0.001225878818   
562  0.004322081057   
563  0.0005805988476   
564  0.0004751292644   
565  0.0001611921807   
566  0.0001279687322   
567  9.778847356e-05   
568  0.009301910251   
569  0.04392180662   
570  0.0007380211718   
571  0.0002728536589   
572  0.0001602090023   
573  0.001812053156   
574  0.0004487614859   
575  0.0006240934584   
576  8.125116107e-05   
577  0.004917102851   
578  0.00126409822   
579  0.02286462613   
580  0.03594243899   
581  0.0003590197034   
582  0.0005355711824   
583  0.005730907875   
584  0.000400951117   
585  0.002920762304   
586  0.002480330147   
587  0.001122277017   
588  0.05274588023   
589  0.001125394427   
590  0.0001980203043   
591  0.0008854735503   
592  0.0006131590532   
593  5.410586615e-05   
594  0.0005944266283   
595  0.0009854971474   
596  0.000523014541   
597  0.0001825329337   
598  0.0003246801184   
599  0.0001971004534   
600  0.002940270985   
601  0.0003066349802   
602  0.00239840576   
603  0.0002408394188   
604  0.0002588930805   
605  0.0006441734282   
606  0.000144210392   
607  0.006231253872   
608  0.0005949404313   
609  0.0005636961194   
610  0.0005069757903   
611  0.0006395582257   
612  0.003806131299   
613  0.0006532468407   
614  0.005209440319   
615  0.0001179081413   
616  0.001022172953   
617  0.0004051338652   
618  0.005840399017   
619  0.001341742732   
620  0.001325612865   
621  0.0003261546757   
622  0.002219275659   
623  4.24159732e-05   
624  0.01104260519   
625  2.108147203e-05   
626  0.0006111662409   
627  0.001621367539   
628  0.0001103854343   
629  0.004505941974   
630  0.01007637744   
631  0.0002908416242   
632  0.01814416727   
633  0.05087419512   
634  0.0003699438039   
635  0.00457904616   
636  0.002389408325   
637  0.003268085525   
638  2.243466986e-05   
639  0.008396917933   
640  0.003957853611   
641  0.0001898981944   
642  0.0389479431   
643  0.001008751227   
644  0.0006295748824   
645  2.838432244e-05   
646  3.486531654e-05   
647  0.0004323273419   
648  0.007350612377   
649  6.610346541e-05   
650  0.001327413429   
651  0.0008556087283   
652  0.02474158704   
653  0.001121095701   
654  0.0002167922379   
655  0.001428097104   
656  0.0001878154302   
657  0.06544844033   
658  0.0005611515189   
659  0.0003228447665   
660  0.01131040922   
661  0.000882801924   
662  0.03554118332   
663  0.0005126432605   
664  0.0007573701658   
665  4.712367458e-05   
666  0.0001551962501   
667  0.03804264269   
668  0.0001807808519   
669  0.0004954080363   
670  0.01000298605   
671  0.0101286477   
672  0.004438516568   
673  0.005559301133   
674  0.0006685304167   
675  0.002611716877   
676  0.0003645071608   
677  0.004542805564   
678  0.0001967149058   
679  0.0002406213134   
680  0.01028022307   
681  0.001703284666   
682  0.000866644501   
683  0.0008633190257   
684  0.0006628253013   
685  0.001009969791   
686  0.005585420127   
687  0.008157905281   
688  0.001184340956   
689  0.004210750096   
690  0.05855411937   
691  0.007253255548   
692  0.002720377816   
693  0.0003033696473   
694  0.00050459139   
695  0.005814551173   
696  0.007996647228   
697  0.001174269768   
698  0.001421511783   
699  0.002330255986   
700  0.001869842173   
701  0.0007224845107   
702  0.001107535771   
703  0.001331376651   
704  0.0003874638986   
705  0.002791361891   
706  0.001340574133   
707  0.0133712003   
708  0.0009402594602   
709  0.0007220760905   
710  0.0003072397465   
711  0.009119704997   
712  0.0004079315424   
713  0.0004499628303   
714  0.003164373074   
715  0.0006524931887   
716  0.0006091396933   
717  0.0005386278141   
718  0.0007734175057   
719  0.0001513107841   
720  0.000336927544   
721  0.02467149441   
722  0.0001449752452   
723  0.0002767004658   
724  0.0006353397658   
725  4.492411621e-05   
726  0.001270451841   
727  0.0009779908826   
728  0.009110692859   
729  0.0002224801826   
730  0.0001035424222   
731  0.001534858675   
732  0.02482947024   
733  0.001374955077   
734  0.0003436849585   
735  0.001308148579   
736  0.0007974038686   
737  0.006170006814   
738  0.0003321707825   
739  0.004837451821   
740  0.03476095437   
741  0.0003929383115   
742  0.01710849882   
743  0.003469078735   
744  0.001482452125   
745  7.130408477e-05   
746  0.001468903795   
747  0.0007379806541   
748  0.0036744571   
749  0.0004874537375   
750  7.257653377e-05   
751  0.0004794215712   
752  3.994038601e-05   
753  0.001750115834   
754  0.0005176743222   
755  0.03736988308   
756  0.002755421636   
757  0.0004807492994   
758  0.01183456967   
759  0.0004134995215   
760  9.13710564e-06   
761  0.02263539009   
762  0.0001048725298   
763  0.001648576739   
764  0.0002126391112   
765  5.109393455e-05   
766  0.0003380266884   
767  0.002645405405   
768  0.0006542804083   
769  0.0008214054967   
770  3.920433603e-05   
771  0.0001633407695   
772  4.641446878e-05   
773  0.001684688994   
774  4.344264479e-05   
775  0.00268206888   
776  0.0007049858346   
777  0.0141889567   
778  0.001382748018   
779  0.00855206605   
780  0.001395408682   
781  0.0006534495198   
782  0.0007801632171   
783  0.0002517485529   
784  0.008151232922   
785  0.0003249900227   
786  0.0009950711644   
787  0.001262992374   
788  0.0002217627825   
789  0.0002279980203   
790  2.106980564e-05   
791  0.001260072987   
792  0.0004422469579   
793  0.003462204389   
794  0.007448940551   
795  0.002406927375   
796  0.0003589033848   
797  0.0390128312   
798  0.0102705943   
799  0.001596111858   
800  0.0006805612832   
801  0.0001945282586   
802  0.0007313197204   
803  0.0001417065763   
804  2.611269449e-05   
805  0.03360217143   
806  0.002000740782   
807  0.0008290634118   
808  0.001102235252   
809  0.05490591503   
810  0.005031193506   
811  0.001276687179   
812  0.000235328566   
813  0.006657036639   
814  0.002403656227   
815  0.05554609212   
816  0.03739071356   
817  0.0005169663784   
818  0.0002275736233   
819  0.0001207932968   
820  0.0003838197594   
821  0.0003753259212   
822  0.000194996816   
823  0.0003458869877   
824  8.934556045e-05   
825  0.001527686689   
826  0.0002021860801   
827  0.0007157131365   
828  0.004690213816   
829  0.002380535906   
830  0.01693589387   
831  0.002007202021   
832  0.008369502087   
833  0.0003524729999   
834  0.0005188681047   
835  0.0008478658838   
836  0.01224030455   
837  0.04275429545   
838  0.000846403743   
839  0.0004931871182   
840  0.0004037005001   
841  0.001072039175   
842  0.0005077409871   
843  0.001127053637   
844  0.0009977789282   
845  0.0001079799639   
846  0.0006828058597   
847  0.001604964571   
848  0.000360504391   
849  0.00448558172   
850  0.00231686151   
851  5.302163553e-05   
852  0.0004725169947   
853  0.0001723220432   
854  0.0002731619652   
855  0.0005008418419   
856  5.847221974e-05   
857  0.0004595509709   
858  5.387859487e-05   
859  0.002273611278   
860  0.0001722622838   
861  0.001697748772   
862  0.002881719536   
863  0.0002405612884   
864  0.0001275810856   
865  4.088338967e-05   
866  0.0005251718422   
867  0.003073870922   
868  0.0007232442548   
869  0.03348751771   
870  0.0003117506142   
871  0.0005850950217   
872  0.0006168455419   
873  0.0005056878912   
874  0.0004561934827   
875  0.008762961658   
876  0.0003005308404   
877  6.913935636e-05   
878  0.0003580764427   
879  0.0003508310733   
880  0.000551457713   
881  0.0005513061064   
882  0.0007361355378   
883  0.0001880092499   
884  0.001002387074   
885  0.0005288049387   
886  0.0001588176431   
887  0.0003637840917   
888  0.0002011241978   
889  0.0001255698372   
890  0.01895221554   
891  0.001044826221   
892  0.0002431039519   
893  0.01523158899   
894  0.0002282461517   
895  0.04257681455   
896  0.00149602797   
897  9.005859203e-05   
898  0.05575429545   
899  0.0001421269678   
900  0.0008674800685   
901  0.003606605086   
902  0.0001534582389   
903  9.738648176e-05   
904  0.001500424595   
905  0.0002725919426   
906  7.554714557e-05   
907  6.491813292e-05   
908  0.001505642794   
909  0.0009511967703   
910  0.009312583682   
911  0.002419631038   
912  0.03968014717   
913  0.05459634522   
914  0.0008993064306   
915  0.001938592223   
916  0.001905175753   
917  0.000128569424   
918  0.0002444363553   
919  0.0003348754468   
920  0.01772941926   
921  0.004604960669   
922  0.01593576094   
923  0.0002170313744   
924  0.0008197206736   
925  0.00470474192   
926  0.0002513991498   
927  0.0001875898161   
928  0.0009185664548   
929  0.01411077054   
930  0.0002285709986   
931  0.0007623153028   
932  0.003792374077   
933  0.0001173395139   
934  0.0001945182312   
935  0.001901812855   
936  0.0001680543436   
937  0.0009416737619   
938  0.003132772587   
939  7.24127337e-05   
940  0.0003093997576   
941  0.007147621493   
942  8.044659087e-05   
943  0.01003999674   
944  0.002579387036   
945  0.0003071912977   
946  0.0008114349346   
947  0.0001998707728   
948  0.0006848384513   
949  0.0008691957295   
950  8.615561743e-05   
951  0.001160139565   
952  4.939714106e-05   
953  0.001308842841   
954  0.000219049343   
955  0.09680400665   
956  0.002839599248   
957  7.192750815e-05   
958  0.001142809313   
959  0.0002808262876   
960  0.0004373698738   
961  0.0008174522616   
962  0.001472635899   
963  0.0008158640316   
964  0.001023436609   
965  0.01323296393   
966  0.001150283102   
967  0.005253033937   
968  0.0008033571817   
969  0.001600756254   
970  0.000250695815   
971  0.01747484144   
972  0.000121372208   
973  0.0008078139404   
974  0.0003138449908   
975  0.03560652171   
976  0.001129067678   
977  0.001113309295   
978  0.001023489712   
979  9.667995063e-05   
980  0.002738189994   
981  0.004259313002   
982  0.02206878974   
983  4.49990587e-05   
984  0.0005280314161   
985  0.004379633458   
986  0.0004613471151   
987  0.000230526332   
988  0.0009522966844   
989  0.000914028804   
990  0.002857254329   
991  0.0002346815019   
992  0.0003778399654   
993  0.004161454387   
994  0.005141517312   
995  0.05284935971   
996  0.0006908143866   
997  0.001177475062   
998  0.002624570876   
999  0.001406366421   
1000  0.0003840382675   
1001  0.001379803433   
1002  0.00133326086   
1003  0.0002636157601   
1004  0.0005011933419   
1005  1.26963327e-05   
1006  0.000106639163   
1007  0.001106887778   
1008  0.001585825585   
1009  0.001371536801   
1010  0.002045554762   
1011  0.001206770713   
1012  0.001311226454   
