1  0.0999710408   
2  0.1122691903   
3  0.006763132639   
4  0.4321960923   
5  0.4321960923   
6  6.752003393e-15   
7  0.004764514439   
8  0.004764514439   
9  0.07706029539   
10  0.004696028701   
11  0.001595073944   
12  0.0177635711   
13  0.1851282051   
14  0.1826835786   
15  0.1826835786   
16  0.3391172871   
17  0.247321705   
18  0.0501893983   
19  0.03247455565   
20  0.1009083309   
21  0.001163738448   
22  0.1090844214   
23  0.01653208948   
24  0.0006042798555   
25  0.04748015317   
26  0.04748015317   
27  0.1095304361   
28  0.002696407206   
29  0.05820473066   
30  0.1386816566   
31  0.01001266886   
32  0.0125128866   
33  0.003306116082   
34  0.1334826441   
35  0.0001091147916   
36  0.006293897442   
37  0.1355968103   
38  0.1164078825   
39  0.01114999604   
40  0.01114999604   
41  0.02118324104   
42  0.001221960618   
43  0.04547577365   
44  0.251896049   
45  0.6068932915   
46  0.006047393807   
47  0.006047393807   
48  0.01037509088   
49  0.1008682393   
50  0.0187923406   
51  0.02039765573   
52  0.06739731087   
53  0.06739731087   
54  0.07326633357   
55  0.02730084098   
56  0.04123035197   
57  0.02558829056   
58  0.2727262764   
59  0.05929014063   
60  0.05929014063   
61  0.01946958288   
62  0.2982102219   
63  0.1098554837   
64  0.09850231951   
65  0.02927017056   
66  0.1515760326   
67  0.1515760326   
68  0.09434997113   
69  0.004844145342   
70  0.04683435759   
71  0.05348189626   
72  0.01251706067   
73  0.1143852784   
74  0.1143852784   
75  0.007706475396   
76  0.005736919994   
77  0.1959049721   
78  0.02991849462   
79  0.1762256363   
80  0.1762256363   
81  0.02227159353   
82  0.005467520265   
83  0.002932438257   
84  0.05387912969   
85  0.08407271269   
86  0.0004629260227   
87  0.1399805691   
88  0.4268509926   
89  0.4268509926   
90  0.01727080239   
91  0.1742096089   
92  0.005674895041   
93  0.004792233247   
94  0.005067623127   
95  0.005067623127   
96  0.001860762136   
97  0.02888483416   
98  0.03552117948   
99  0.001844617439   
100  0.002823679112   
101  0.002823679112   
102  1   
103  1   
104  1   
105  1   
106  1   
107  1   
108  1   
109  1   
110  1   
111  1   
112  1   
113  1   
114  1   
115  1   
116  1   
117  1   
118  1   
119  1   
120  1   
121  1   
122  1   
123  1   
124  1   
125  1   
126  1   
127  1   
128  1   
129  1   
130  1   
131  1   
132  1   
133  1   
134  1   
135  1   
136  1   
137  1   
138  1   
139  1   
140  1   
141  1   
142  1   
143  1   
144  1   
145  1   
146  1   
147  1   
148  1   
149  1   
150  1   
151  1   
152  1   
153  1   
154  0.0006905356062   
155  0.0006905356062   
156  0.002866309256   
157  0.005095236849   
158  0.05515141382   
159  0.04854456555   
160  0.007964924344   
161  0.007964924344   
162  0.06000330532   
163  0.01398241692   
164  0.01398241692   
165  0.0007948967648   
166  0.3305453939   
167  0.05768087338   
168  0.1049895809   
169  0.05441192261   
170  0.05441192261   
171  0.1741174907   
172  1   
173  1   
174  1   
175  1   
176  1   
177  1   
178  1   
179  1   
180  1   
181  1   
182  1   
183  1   
184  1   
185  1   
186  1   
187  1   
188  1   
189  1   
190  1   
191  1   
192  1   
193  1   
194  1   
195  1   
196  1   
197  1   
198  1   
199  1   
200  1   
201  1   
202  1   
203  1   
204  1   
205  1   
206  1   
207  1   
208  1   
209  1   
210  1   
211  1   
212  1   
213  1   
214  1   
215  1   
216  1   
217  1   
218  1   
219  1   
220  1   
221  1   
222  1   
223  1   
224  1   
225  1   
226  1   
227  1   
228  1   
229  1   
230  1   
231  1   
232  1   
233  1   
234  1   
235  1   
236  1   
237  1   
238  1   
239  1   
240  1   
241  1   
242  1   
243  1   
244  1   
245  1   
246  1   
247  1   
248  1   
249  0.0105164659   
250  0.0105164659   
251  0.09512005447   
252  0.033344515   
253  0.1222450046   
254  0.00416340377   
255  0.0006303284466   
256  0.4164421862   
257  0.00833467912   
258  0.00833467912   
259  0.07212790993   
260  0.01066050252   
261  0.03873906738   
262  0.1257624249   
263  0.09372928411   
264  0.01419211923   
265  0.02884655176   
266  1   
267  1   
268  1   
269  1   
270  1   
271  1   
272  1   
273  1   
274  1   
275  1   
276  1   
277  1   
278  1   
279  1   
280  1   
281  1   
282  1   
283  1   
284  1   
285  1   
286  1   
287  1   
288  1   
289  1   
290  1   
291  1   
292  1   
293  1   
294  1   
295  1   
296  1   
297  1   
298  1   
299  1   
300  1   
301  1   
302  1   
303  1   
304  1   
305  1   
306  1   
307  1   
308  1   
309  1   
310  1   
311  1   
312  1   
313  1   
314  1   
315  1   
316  1   
317  1   
318  1   
319  1   
320  1   
321  1   
322  1   
323  1   
324  0.1120051795   
325  0.1120051795   
326  0.006742658863   
327  0.03816162612   
328  0.02327021897   
329  0.03142970452   
330  0.1419944812   
331  0.1419944812   
332  0.2373627673   
333  0.02967189813   
334  0.03149084521   
335  0.003101373005   
336  0.0007947975465   
337  0.001572514506   
338  0.4060652214   
339  0.03121262442   
340  0.1360990174   
341  0.1360990174   
342  0.03928516939   
343  0.1209902725   
344  0.0931481702   
345  0.007254169553   
346  0.2458290597   
347  0.2458290597   
348  0.001164092216   
349  0.03487627559   
350  0.3489053604   
351  0.08486908418   
352  0.234929906   
353  0.234929906   
354  0.03482586636   
355  0.0512635513   
356  0.1668435499   
357  0.01978494897   
358  0.1176849847   
359  0.1176849847   
360  0.1648180885   
361  0.006053807817   
362  0.02122108259   
363  0.03902151727   
364  0.007174428404   
365  0.1290166766   
366  0.01793631115   
367  0.01793631115   
368  0.0951591184   
369  0.2806487792   
370  0.2850230177   
371  0.03082063103   
372  0.064071324   
373  0.1143880683   
374  0.1143880683   
375  0.1021357114   
376  0.07578405894   
377  0.002114883401   
378  0.001541646435   
379  0.1491029797   
380  0.1491029797   
381  0.02180202752   
382  0.006727729319   
383  0.1094646852   
384  0.125659829   
385  0.125659829   
386  0.02406555918   
387  0.2030964357   
388  1.84231078e-14   
389  0.01502667453   
390  0.3501331807   
391  0.04896781472   
392  0.2038261976   
393  0.2038261976   
394  0.1601189394   
395  0.07077224802   
396  0.1087937475   
397  0.004565023376   
398  0.1495827783   
399  0.1495827783   
400  0.0148510425   
401  0.1651079655   
402  0.01224985611   
403  0.08825835347   
404  0.3134678845   
405  0.1593666222   
406  0.01082581524   
407  0.01082581524   
408  0.09317164078   
409  0.3044400609   
410  0.00605246431   
411  0.002965722426   
412  0.001066908461   
413  0.2871314717   
414  0.2871314717   
415  0.006994887869   
416  0.01928204479   
417  1   
418  1   
419  1   
420  1   
421  1   
422  1   
423  1   
424  1   
425  1   
426  1   
427  1   
428  1   
429  1   
430  1   
431  1   
432  1   
433  1   
434  1   
435  1   
436  1   
437  1   
438  1   
439  1   
440  1   
441  1   
442  1   
443  1   
444  1   
445  1   
446  1   
447  1   
448  1   
449  1   
450  1   
451  1   
452  1   
453  1   
454  1   
455  1   
456  1   
457  1   
458  1   
459  1   
460  1   
461  1   
462  1   
463  1   
464  1   
465  1   
466  1   
467  1   
468  1   
469  1   
470  1   
471  1   
472  1   
473  1   
474  1   
475  1   
476  1   
477  1   
478  1   
479  1   
480  1   
481  1   
482  1   
483  1   
484  1   
485  1   
486  1   
487  1   
488  1   
489  1   
490  0.2736009613   
491  0.2736009613   
492  0.005471302119   
493  0.02425135375   
494  0.1126191379   
495  0.1488626315   
496  0.1488626315   
497  0.3056087877   
498  0.002903550257   
499  0.02879060006   
500  0.0978247622   
501  0.08392626625   
502  0.002877976252   
503  0.003786347801   
504  0.002079694305   
505  0.2355007848   
506  1.050640242e-05   
507  0.000855473568   
508  0.08203511884   
509  0.08203511884   
510  0.0127014144   
511  0.01583151741   
512  0.003565010969   
513  0.2245617438   
514  0.00324263291   
515  0.04111340239   
516  0.1099914488   
517  0.002436887851   
518  0.002436887851   
519  0.06849701967   
520  0.08354543454   
521  0.1844498626   
522  0.01902014905   
523  0.0007201872224   
524  0.00235028865   
525  0.03083373007   
526  0.04630356101   
527  0.2289162017   
528  0.05085199425   
529  0.03538240136   
530  0.03538240136   
531  0.005367909773   
532  0.109246561   
533  0.4506212917   
534  0.3919873222   
535  0.3919873222   
536  0.02456855925   
537  0.001055946376   
538  0.04597462356   
539  0.2053741834   
540  0.2053741834   
541  0.09657042065   
542  0.1096620185   
543  0.09426484233   
544  0.03441298048   
545  0.01604437921   
546  0.01604437921   
547  0.04895184066   
548  0.005614557062   
549  0.003803730762   
550  0.005670700572   
551  0.001210137862   
552  0.154700073   
553  0.154700073   
554  0.04024481363   
555  0.03309929145   
556  0.06966114862   
557  0.1126931493   
558  0.2743841735   
559  0.2743841735   
560  0.1948324536   
561  0.0187654679   
562  0.1258102819   
563  0.1241968832   
564  0.1320026162   
565  0.137477586   
566  0.2462932388   
567  0.1074851888   
568  0.1074851888   
569  0.05376612462   
570  0.1716786004   
571  0.0009821957629   
572  0.00255622154   
573  0.00343539459   
574  0.00343539459   
575  0.1615436113   
576  0.006511541384   
577  0.04208174267   
578  0.00183560713   
579  0.3027487853   
580  0.001782953607   
581  0.001782953607   
582  0.001407024859   
583  0.04479594836   
584  0.2475818249   
585  0.04379462141   
586  0.02799655171   
587  0.02438384812   
588  0.02438384812   
589  0.2331819688   
590  0.007507612669   
591  0.04093214136   
592  0.2245617438   
593  0.1192778868   
594  0.1192778868   
595  0.009920251688   
596  0.2103360264   
597  0.05167334915   
598  0.2333528726   
599  0.2333528726   
600  0.01588129255   
601  0.01311693284   
602  0.007977031439   
603  0.2828191512   
604  0.05032838847   
605  0.05138311458   
606  0.1707123984   
607  0.001614550853   
608  0.004685742842   
609  0.1613101521   
610  0.1613101521   
611  0.1866754525   
612  0.2480085696   
613  0.216491346   
614  0.2724633934   
615  0.2724633934   
616  0.170352157   
617  0.001732626205   
618  0.001763359883   
619  0.3323902278   
620  0.01400099511   
621  0.3869450572   
622  0.1697740298   
623  0.005899008026   
624  0.005899008026   
625  0.001573299303   
626  0.002765182907   
627  0.07191094287   
628  0.298161564   
629  0.03636373457   
630  0.002632814453   
631  0.002632814453   
632  0.02124184874   
633  0.1623056276   
634  0.1623056276   
635  0.1774863834   
636  0.04529194067   
637  0.1070914392   
638  0.00714074561   
639  0.1170483734   
640  0.1170483734   
641  0.05558387442   
642  0.05649131612   
643  0.2870549438   
644  0.00111562138   
645  0.003994750918   
646  0.1676329967   
647  0.4171531122   
648  0.1779661759   
649  0.007936233002   
650  0.1494788896   
651  0.1494788896   
652  0.02179497978   
653  0.03797484789   
654  0.008431519691   
655  0.09247844477   
656  0.09247844477   
657  0.02367878887   
658  0.009556395969   
659  0.1975928893   
660  0.1755297481   
661  0.08733423354   
662  0.08733423354   
663  0.05172131141   
664  0.02194130457   
665  0.01628706972   
666  0.2026119802   
667  0.05559586326   
668  0.05559586326   
669  0.2065498262   
670  0.0644944348   
671  0.2283593817   
672  0.04309864926   
673  0.1252762087   
674  0.174520254   
675  0.174520254   
676  0.006355935863   
677  0.0008217028759   
678  0.003924151768   
679  0.002049110029   
680  0.07229097211   
681  0.07229097211   
682  0.02796306343   
683  0.01989151039   
684  0.1489555503   
685  0.0005610486901   
686  0.1100401677   
687  0.005282141161   
688  0.005282141161   
689  0.01748959151   
690  0.03333005476   
691  0.02535538368   
692  0.03213648211   
693  0.04078869464   
694  0.04078869464   
695  0.003322848002   
696  0.002495964635   
697  0.001833248702   
698  0.01342762834   
699  0.02366085656   
700  0.02366085656   
701  0.114201903   
702  0.1573594449   
703  0.04966661848   
704  0.04966661848   
705  0.1928293219   
706  0.3453424549   
707  0.06824134814   
708  0.002879568954   
709  0.002433356044   
710  0.03164067206   
711  0.06858241935   
712  0.01452209393   
713  0.01452209393   
714  0.02108486473   
715  0.0391587993   
716  0.02929400178   
717  0.00107130122   
718  0.0346051095   
719  0.02546923005   
720  0.02546923005   
721  0.008872649535   
722  0.08452027453   
723  0.1096799149   
724  0.4177283746   
725  0.4177283746   
726  0.05150181573   
727  0.0145011683   
728  0.02444517799   
729  0.03791201333   
730  0.07183190322   
731  0.07183190322   
732  0.01423130366   
733  0.0502337747   
734  0.04529528727   
735  0.05547025984   
736  0.02906148856   
737  0.02906148856   
738  0.2024759397   
739  0.2231645246   
740  0.009439144659   
741  0.2416305923   
742  0.2416305923   
743  0.03937023486   
744  0.01003269737   
745  0.00040556833   
746  0.001499675847   
747  0.1633350713   
748  0.008638036722   
749  0.009825458569   
750  0.01008683771   
751  0.1391031407   
752  0.1391031407   
753  0.1413491735   
754  0.02371999031   
755  0.004159670043   
756  0.3547976877   
757  0.08931388816   
758  0.08931388816   
759  0.02934016505   
760  0.5958744567   
761  0.3001070283   
762  0.04452843256   
763  0.04452843256   
764  0.0672429314   
765  0.04241971586   
766  0.01637082584   
767  0.03685109843   
768  0.03685109843   
769  0.03032486147   
770  0.02175690596   
771  0.1303843819   
772  0.04890938298   
773  0.01018209598   
774  0.00305755431   
775  0.2773813455   
776  0.06570350997   
777  0.007739148092   
778  0.06047551041   
779  0.1649529358   
780  0.1649529358   
781  0.0388399116   
782  0.04730946979   
783  0.01188294344   
784  0.0179623718   
785  0.3122229438   
786  0.3122229438   
787  0.1804736481   
788  0.09780809474   
789  0.18250642   
790  0.0008580912369   
791  0.0294096352   
792  0.1499536154   
793  0.008807220643   
794  0.02836189054   
795  0.02836189054   
796  0.2596994259   
797  0.0966278177   
798  0.2726920087   
799  0.03882119023   
800  0.254035868   
801  0.254035868   
802  0.001700225253   
803  0.007963143897   
804  0.009146007811   
805  0.009146007811   
806  0.007799796897   
807  0.04321269941   
808  0.1590550756   
809  0.193243008   
810  0.1317069885   
811  0.3068668896   
812  0.3068668896   
813  0.01198710842   
814  0.2275175059   
815  0.2717167393   
816  0.2717167393   
817  0.007040137569   
818  0.002702938354   
819  0.01339208631   
820  0.2511474363   
821  0.0114012796   
822  0.0114012796   
823  0.01756256168   
824  0.01697984441   
825  0.004646691527   
826  0.07298157182   
827  6.581545257e-15   
828  0.000193113728   
829  0.1067771696   
830  0.01606148132   
831  0.08816888866   
832  0.003495747564   
833  0.003495747564   
834  0.003918201508   
835  0.1057141375   
836  0.1715109571   
837  0.007454872002   
838  0.1069025569   
839  0.003888516079   
840  0.008920234492   
841  0.00953399676   
842  0.00953399676   
843  0.001304798232   
844  0.3498642664   
845  0.0183944074   
846  0.04529490012   
847  0.3426773073   
848  0.3426773073   
849  0.08963131299   
850  0.0928043695   
851  0.1063267078   
852  0.2052383457   
853  0.1726248508   
854  0.130334127   
855  1   
856  1   
857  1   
858  1   
859  1   
860  1   
861  1   
862  1   
863  1   
864  1   
865  1   
866  1   
867  1   
868  1   
869  1   
870  1   
871  1   
872  1   
873  1   
874  1   
875  1   
876  1   
877  1   
878  1   
879  1   
880  1   
881  1   
882  1   
883  1   
884  1   
885  1   
886  1   
887  1   
888  1   
889  1   
890  1   
891  1   
892  1   
893  1   
894  1   
895  1   
896  1   
897  1   
898  1   
899  1   
900  1   
901  1   
902  1   
903  1   
904  1   
905  1   
906  1   
907  1   
908  1   
909  1   
910  1   
911  1   
912  1   
913  1   
914  1   
915  1   
916  1   
917  1   
918  1   
919  1   
920  1   
921  1   
922  1   
923  1   
924  1   
925  1   
926  1   
927  1   
928  1   
929  1   
930  1   
931  1   
932  1   
933  1   
934  1   
935  1   
936  1   
937  1   
938  0.006245744221   
939  0.006245744221   
940  0.003222327058   
941  0.07388978333   
942  0.1064611615   
943  0.0220731767   
944  0.1419899346   
945  0.1419899346   
946  0.2896059981   
947  0.07322393792   
948  0.02401449088   
949  0.3329539807   
950  0.009344104417   
951  0.03962388267   
952  0.001486099468   
953  0.001486099468   
954  0.002831855326   
955  0.0261933103   
956  0.02876445063   
957  0.2771527473   
958  1   
959  1   
960  1   
961  1   
962  1   
963  1   
964  1   
965  1   
966  1   
967  1   
968  1   
969  1   
970  1   
971  1   
972  1   
973  1   
974  1   
975  1   
976  1   
977  1   
978  1   
979  1   
980  1   
981  1   
982  1   
983  1   
984  1   
985  1   
986  1   
987  1   
988  1   
989  1   
990  1   
991  1   
992  1   
993  1   
994  1   
995  1   
996  1   
997  1   
998  1   
999  1   
1000  1   
1001  1   
1002  1   
1003  1   
1004  1   
1005  1   
1006  1   
1007  1   
1008  1   
1009  1   
1010  1   
1011  1   
1012  1   
1013  1   
1014  1   
1015  1   
1016  1   
1017  1   
1018  1   
1019  1   
1020  1   
1021  1   
1022  1   
1023  1   
1024  1   
1025  1   
1026  1   
1027  1   
1028  1   
1029  1   
1030  1   
1031  1   
1032  1   
1033  1   
1034  1   
1035  1   
1036  1   
1037  1   
1038  1   
1039  1   
1040  1   
1041  1   
1042  1   
1043  1   
1044  1   
1045  1   
1046  1   
1047  1   
1048  1   
1049  1   
1050  1   
1051  1   
1052  1   
1053  1   
1054  1   
1055  1   
1056  1   
1057  1   
1058  1   
1059  1   
1060  1   
1061  1   
1062  1   
1063  1   
1064  1   
1065  1   
1066  1   
1067  1   
1068  1   
1069  1   
1070  1   
1071  1   
1072  1   
1073  1   
1074  1   
1075  1   
1076  1   
1077  1   
1078  1   
1079  1   
1080  1   
1081  1   
1082  1   
1083  1   
1084  1   
1085  1   
1086  1   
1087  1   
1088  1   
1089  1   
1090  1   
1091  1   
1092  1   
1093  1   
1094  1   
