1  0.1050905321   
2  0.004540832633   
3  0.006740721731   
4  0.01382122637   
5  0.001093294494   
6  0.08491102506   
7  0.0007398707033   
8  0.01499857973   
9  0.001035163489   
10  0.01131508246   
11  0.01799541109   
12  0.000303654863   
13  0.02147295249   
14  0.07877646075   
15  0.01546294565   
16  0.1659211348   
17  0.01017474402   
18  0.07390562481   
19  0.01909126677   
20  0.00152157698   
21  0.0002266769437   
22  0.0005722812461   
23  0.0005722812461   
24  0.04458207239   
25  0.05204203635   
26  0.009141201667   
27  0.07139756938   
28  0.004610485062   
29  0.06144778289   
30  0.000430677864   
31  0.004948055574   
32  0.0002493324167   
33  0.004226572001   
34  0.08676154816   
35  0.04234766591   
36  0.04234766591   
37  0.004985295715   
38  0.09064024346   
39  0.004315811708   
40  0.0009655388969   
41  0.06867243367   
42  0.0004906469027   
43  0.002507674176   
44  0.005437493615   
45  0.005437493615   
46  0.1010389112   
47  0.09953105355   
48  0.005647955727   
49  0.0003752841806   
50  0.001085698538   
51  0.01019536131   
52  0.001711303861   
53  0.001260592043   
54  0.0353777054   
55  0.03191194875   
56  0.000173233713   
57  0.01974762123   
58  0.009310468231   
59  0.009310468231   
60  0.02846131328   
61  0.0004441333   
62  0.000654208061   
63  0.004072882776   
64  0.009674664156   
65  0.009764834107   
66  0.0007117444064   
67  0.0534870015   
68  0.01239612037   
69  0.005233433811   
70  0.001067566092   
71  0.001067566092   
72  0.0006349102592   
73  0.0005482951639   
74  0.0006037976516   
75  0.01610744939   
76  0.0008213074512   
77  0.003979850151   
78  0.001474399689   
79  0.0001075638761   
80  0.01097193031   
81  0.02230904988   
82  0.0003939519175   
83  0.000710291991   
84  0.1058752063   
85  0.2541147022   
86  0.01170180113   
87  0.1061304031   
88  0.0007177215793   
89  0.002231826487   
90  0.03160622576   
91  0.02560913574   
92  0.1746636008   
93  0.1746636008   
94  0.001230697202   
95  0.06689726927   
96  0.05171401082   
97  0.01135596194   
98  0.01778793797   
99  0.04643536204   
100  0.04121272615   
101  0.0238626021   
102  0.0238626021   
103  0.00908109503   
104  0.0002731050191   
105  0.01362875706   
106  0.1289624032   
107  0.003933758887   
108  0.03445017915   
109  0.001645782792   
110  0.01606298535   
111  0.008090064007   
112  0.008090064007   
113  0.0006128893229   
114  0.01813190439   
115  0.001651569484   
116  0.01639171264   
117  0.03761666699   
118  0.0007313178874   
119  0.004575519141   
120  0.07207876402   
121  0.006998588542   
122  0.01403664498   
123  0.007934663375   
124  0.002112089107   
125  1.891127623e-05   
126  0.005471639471   
127  0.02864535837   
128  0.006407980091   
129  0.0220511932   
130  0.05863768659   
131  0.01263263107   
132  0.01263263107   
133  0.0009639840586   
134  0.1006118882   
135  0.002766083157   
136  0.0008080708753   
137  0.02034548502   
138  0.004609875688   
139  0.00385104636   
140  0.03436458807   
141  0.0005775105087   
142  0.0724655444   
143  0.0030883584   
144  0.0030883584   
145  0.01013752915   
146  0.004985435404   
147  0.173264376   
148  0.08412966733   
149  0.04472210932   
150  0.04472210932   
151  3.555672092e-05   
152  0.01685843177   
153  0.1196442009   
154  0.03206003557   
155  0.01379540569   
156  0.1375499481   
157  0.0006468633513   
158  0.03564220695   
159  0.2662752981   
160  0.004077752208   
161  0.004746413851   
162  0.02192288331   
163  0.003613577537   
164  0.003644552535   
165  0.0005958465946   
166  0.001273648601   
167  0.0001911600143   
168  0.0008585200426   
169  0.002374172617   
170  0.001772334926   
171  0.001095032682   
172  0.0003704275343   
173  0.1362711064   
174  0.02690041181   
175  0.1642626741   
176  0.001986916176   
177  0.06179867238   
178  5.100323616e-05   
179  0.0005399095696   
180  0.003260641886   
181  0.0003372632281   
182  0.004220298136   
183  0.0002511776944   
184  0.01379783991   
185  0.01411494561   
186  0.09039210257   
187  0.002958961316   
188  0.002091183879   
189  0.05662899512   
190  0.0006273329376   
191  0.004926073176   
192  0.004926073176   
193  0.006361179308   
194  0.002927948374   
195  0.001065954363   
196  0.007464228592   
197  0.0001240793423   
198  0.006937103898   
199  0.006937103898   
200  0.07198801711   
201  0.007587659826   
202  0.006188944741   
203  0.004961599009   
204  0.0005734016468   
205  0.1307539876   
206  0.00282204545   
207  0.005497617872   
208  0.08740453607   
209  0.02161730435   
210  0.07067639924   
211  0.0003181203781   
212  0.03475586207   
213  0.0004145532286   
214  0.0007173613224   
215  0.05920062724   
216  0.05920062724   
217  0.0006985949092   
218  0.03502425646   
219  0.03185729778   
220  0.1039347586   
221  0.0008912719007   
222  0.09165151532   
223  0.09165151532   
224  0.02945101897   
225  0.01112947615   
226  0.00218556272   
227  0.002774761547   
228  0.0009838552247   
229  0.01225446117   
230  0.0169668529   
231  0.0004250359017   
232  0.3862465807   
233  0.02049019056   
234  0.0002429282483   
235  0.00996887758   
236  0.0004665954183   
237  0.0004665954183   
238  0.04369573327   
239  0.04758308737   
240  0.01820235081   
241  0.07342558513   
242  0.005681471611   
243  0.01459830137   
244  0.00927645787   
245  0.001875742199   
246  0.01459819005   
247  0.003799116555   
248  0.005574850981   
249  0.02936555451   
250  0.01246321283   
251  0.08116172861   
252  0.002665701334   
253  0.01385257831   
254  2.565016914e-05   
255  0.000203406635   
256  0.007633048146   
257  0.007178443752   
258  0.06120970921   
259  0.004658393284   
260  0.00155615596   
261  0.06302785482   
262  0.05087902405   
263  0.05611266471   
264  0.1623198455   
265  0.1032477235   
266  0.05255464002   
267  0.006666859976   
268  0.002319497748   
269  0.002319497748   
270  0.1268374101   
271  0.003585767478   
272  0.1134439773   
273  0.00162709304   
274  0.001109921244   
275  0.0003985189156   
276  0.004560872652   
277  0.003683304696   
278  0.0008362833951   
279  0.0008362833951   
280  0.03981378413   
281  0.02384337139   
282  0.0840383293   
283  0.03141189548   
284  0.001933684999   
285  0.2071910754   
286  0.02899469983   
287  0.006379111248   
288  0.002159287445   
289  0.004661608943   
290  0.002161322968   
291  0.0479778751   
292  0.0479778751   
293  0.00127174729   
294  0.003407050085   
295  0.04706690699   
296  0.0355301135   
297  0.0001405475819   
298  0.001753898398   
299  0.00725115985   
300  0.0006077752434   
301  0.008852405881   
302  0.06192756867   
303  0.001490190416   
304  0.004950790324   
305  0.11470771   
306  0.0004831523581   
307  0.1187886078   
308  0.155322745   
309  0.1848753098   
310  0.1848753098   
311  0.000663622574   
312  0.004970435697   
313  0.00389550742   
314  0.0005947429302   
315  0.002404223313   
316  0.03432932669   
317  0.01148352683   
318  0.01148352683   
319  0.01064110303   
320  0.001750549044   
321  0.0006520797263   
322  0.003854754154   
323  0.001845064443   
324  0.0002155091487   
325  0.009935401786   
326  0.009811504623   
327  0.05690346149   
328  0.02172987099   
329  0.0298802304   
330  0.01857304204   
331  0.0008149656639   
332  0.000971509156   
333  0.04411798856   
334  0.04302066725   
335  0.01443761975   
336  0.01443761975   
337  0.01366579617   
338  0.003450496471   
339  0.004945044702   
340  0.000136296154   
341  0.1099966388   
342  0.124947675   
343  0.124947675   
344  0.0008865799785   
345  0.1862622384   
346  0.01730656337   
347  0.03758746047   
348  0.0008295169142   
349  0.01997868303   
350  0.03417109121   
351  0.05633086647   
352  0.05939282157   
353  0.1080624525   
354  0.006060617249   
355  0.001951836512   
356  0.04420121839   
357  0.04420121839   
358  0.00142939764   
359  0.04937524347   
360  0.0002283065118   
361  0.05189183909   
362  0.001087790231   
363  0.0007282717842   
364  8.538843572e-05   
365  0.0007714723518   
366  0.02224643093   
367  0.02224643093   
368  0.01692901628   
369  0.001522153684   
370  0.2622908943   
371  0.0762657768   
372  0.001289050015   
373  0.09331792705   
374  0.03139999337   
375  0.0008156402174   
376  0.08363613226   
377  0.001675672422   
378  0.0008369267239   
379  0.003139895357   
380  0.03012213805   
381  0.03930653513   
382  0.007642901503   
383  0.004030659411   
384  0.04096793785   
385  0.004760541748   
386  0.05916667412   
387  0.0001920000883   
388  0.07574686958   
389  0.018525119   
390  0.018525119   
391  0.009689784669   
392  0.005539369288   
393  0.005689330229   
394  0.0975155461   
395  0.003294656384   
396  0.0009478704871   
397  0.05021432055   
398  0.0271678315   
399  0.2554267619   
400  0.02157506201   
401  0.008737388333   
402  0.02829006331   
403  0.2907750625   
404  0.02671761936   
405  0.001320234089   
406  0.001320234089   
407  0.1254432807   
408  0.01296194464   
409  0.0101227212   
410  0.0008719475505   
411  0.0008719475505   
412  0.008764927074   
413  0.00583796165   
414  0.1003443664   
415  0.06773082926   
416  0.001180843773   
417  0.005912819727   
418  0.00140661539   
419  0.05319362353   
420  0.007185618597   
421  0.001293165229   
422  0.001293806819   
423  0.0007809503353   
424  0.002952221166   
425  0.0134050732   
426  0.01739903919   
427  0.005825765501   
428  0.01134317589   
429  0.1290976396   
430  0.1290976396   
431  0.2076154725   
432  0.000750776226   
433  0.0001725502934   
434  0.04637059155   
435  0.001253957471   
436  0.008270472046   
437  0.008270472046   
438  0.04244736544   
439  0.04093549738   
440  0.06680013325   
441  0.1024401771   
442  0.004592033649   
443  0.01056656953   
444  0.03793726572   
445  0.0114627732   
446  0.08948234658   
447  0.0007396211892   
448  0.07481738791   
449  0.001461206053   
450  0.0003295048429   
451  0.07945360181   
452  0.003231500215   
453  0.01967872939   
454  0.08844418519   
455  0.003945368794   
456  0.003945368794   
457  0.086431312   
458  0.2361324566   
459  0.000857897956   
460  0.005805975721   
461  0.04403009697   
462  0.04403009697   
463  0.004660255312   
464  0.06196453409   
465  0.005122182297   
466  0.06766614103   
467  0.007125938005   
468  0.04147459294   
469  0.009477247908   
470  0.02517825365   
471  0.000514774922   
472  0.000418800127   
473  0.1542943021   
474  0.03325078789   
475  0.03325078789   
476  0.01372853483   
477  0.004324231066   
478  0.0002743468701   
479  0.01866442666   
480  0.003242851969   
481  0.04384055662   
482  0.1348414954   
483  0.01087810647   
484  0.006065212216   
485  0.07727007204   
486  0.006700300774   
487  0.1161643823   
488  0.01091516568   
489  0.002229725854   
490  0.1085719259   
491  0.0665061582   
492  0.0665061582   
493  0.001705113863   
494  7.817604905e-05   
495  0.080850294   
496  0.09210805075   
497  0.0072548706   
498  0.00467106082   
499  0.006182414915   
500  0.006182414915   
501  0.01496115866   
502  0.01566912514   
503  0.0008093363742   
504  0.02520075735   
505  0.02233338549   
506  0.01361112855   
507  0.003946167994   
508  0.0001201768837   
509  0.0340948722   
510  0.0634125539   
511  0.0634125539   
512  0.01745578168   
513  0.002505864871   
514  0.01633646855   
515  0.0002873418362   
516  0.001780160411   
517  0.05637884701   
518  0.00702952683   
519  0.003986207685   
520  0.0006592319507   
521  0.001973868529   
522  0.02085774849   
523  0.01501760031   
524  0.0007454872772   
525  0.0007454872772   
526  0.002106757946   
527  1.506343866e-14   
528  0.007082057092   
529  0.002248182083   
530  0.07195144674   
531  0.02113681804   
532  0.07877497159   
533  0.0003367596441   
534  0.002485870107   
535  0.001655560363   
536  0.1146859124   
537  0.1146859124   
538  0.0004990733451   
539  0.000423444864   
540  0.0002835128438   
541  0.007653044529   
542  0.001489479193   
543  0.0001607635458   
544  0.07216870823   
545  0.1015789036   
546  0.1015789036   
547  0.007619232508   
548  0.00519041129   
549  0.008354196332   
550  0.04691610312   
551  0.003853269398   
552  0.1023376074   
553  0.004784659654   
554  0.02406171563   
555  0.0005853966716   
556  0.005860657056   
557  0.1085758715   
558  0.1294151167   
559  0.004203488188   
560  0.001236161306   
561  0.0201231541   
562  0.05876210498   
563  0.09566895696   
564  0.01967253441   
565  0.01967253441   
566  0.005233132193   
567  0.1445773062   
568  0.005957825025   
569  0.003001871119   
570  0.00661655437   
571  0.002756637688   
572  0.0052878449   
573  0.002771641848   
574  0.00801887601   
575  0.001810149979   
576  0.0007160824634   
577  0.006210929248   
578  0.0166479355   
579  0.00448285503   
580  0.08292606543   
581  0.08292606543   
582  0.0005512270752   
583  0.0317816721   
584  0.0001418225765   
585  0.0003431815543   
586  0.001298837221   
587  0.02043810018   
588  0.008732236764   
589  0.01183412742   
590  0.06507321026   
591  0.06507321026   
592  0.00894752375   
593  0.003643460529   
594  0.05791916215   
595  0.001466394997   
596  0.003403289187   
597  0.01237354461   
598  0.008349876385   
599  0.07046494006   
600  0.001037382807   
601  0.008863343149   
602  0.004243700115   
603  0.004243700115   
604  0.1234897905   
605  0.04697794878   
606  0.003344317017   
607  0.05868842014   
608  0.002385752657   
609  0.006548251922   
610  0.003478682977   
611  0.09241057924   
612  0.006596627448   
613  0.0002178803376   
614  0.0002178803376   
615  0.001002363404   
616  0.114637067   
617  0.001232061567   
618  0.0002696573112   
619  0.003476162791   
620  0.0003480747906   
621  0.0146975702   
622  0.006531307615   
623  0.02279814256   
624  0.02279814256   
625  0.005079768773   
626  0.002058212071   
627  0.0006162072148   
628  0.0009530457992   
629  0.01721333585   
630  0.0009194829686   
631  0.02729467901   
632  0.002779322304   
633  0.0006811426512   
634  0.0006107737296   
635  0.04752185423   
636  0.02876097185   
637  0.001293753652   
638  0.02891787545   
639  0.0007660335785   
640  0.07352744722   
641  0.07352744722   
642  0.05468391682   
643  0.00623259708   
644  0.01762935125   
645  0.0172914412   
646  0.001477098127   
647  0.001592190935   
648  0.02287214428   
649  0.08944366724   
650  0.03725528305   
651  0.004882169228   
652  0.03388867454   
653  0.01564588421   
654  0.01564588421   
655  0.02760426864   
656  0.001685517714   
657  0.02284693855   
658  0.05778477896   
659  0.008902938714   
660  0.06516614308   
661  0.109289487   
662  0.03171159481   
663  0.1175860783   
664  0.0008310029016   
665  0.00268953434   
666  0.008905811862   
667  8.678977163e-05   
668  0.0009223913662   
669  0.00675180578   
670  0.00675180578   
671  0.02908729606   
672  0.00248727901   
673  0.1544325722   
674  0.06211378979   
675  0.05398793046   
676  0.07497137533   
677  0.02584167926   
678  0.02584167926   
679  0.01822310963   
680  0.0008021925676   
681  0.08638144563   
682  0.02790399928   
683  0.03618151061   
684  0.01359924382   
685  0.008761913792   
686  0.0007177734687   
687  0.002070346569   
688  0.01781587349   
689  0.007972186692   
690  0.007972186692   
691  0.02862260402   
692  0.01915907321   
693  0.007938019687   
694  0.1017722817   
695  0.00580127712   
696  0.0007958515699   
697  0.002809931582   
698  0.01846496963   
699  0.002179165765   
700  0.0007273848901   
701  0.001881212661   
702  0.007617683443   
703  0.01460871203   
704  0.0302537215   
705  0.06654052306   
706  0.06654052306   
707  0.001002072292   
708  0.00709029322   
709  0.006413366496   
710  0.004896077905   
711  0.0142496603   
712  2.318269654e-05   
713  0.03139956757   
714  0.1566274965   
715  0.002099377198   
716  0.01016198987   
717  0.007562567216   
718  0.000186127751   
719  0.02798169549   
720  0.02798169549   
721  0.1506858099   
722  0.06132317771   
723  0.0006759279965   
724  0.01976795329   
725  0.0002582496973   
726  0.01875323786   
727  0.004899345565   
728  0.07748008904   
729  0.0018274486   
730  0.001074204196   
731  0.0007439663208   
732  0.05228898259   
733  0.0002168320068   
734  0.0391264346   
735  0.01694421837   
736  0.01694421837   
737  0.005041199832   
738  0.006109128963   
739  0.002779430625   
740  0.005378099029   
741  0.01654502853   
742  0.003537105069   
743  0.05797749033   
744  0.007407987642   
745  0.004779198334   
746  0.004910715958   
747  0.0005267584495   
748  0.008795074961   
749  0.0008786420658   
750  0.01610670156   
751  0.00251602737   
752  0.007399982731   
753  0.007155414147   
754  0.007155414147   
755  0.007742601728   
756  0.003786827282   
757  0.0002695175933   
758  0.04025236129   
759  0.04472767734   
760  7.764783894e-05   
761  0.01063910696   
762  0.06287362973   
763  0.09765005702   
764  0.01012531695   
765  0.001816577706   
766  0.003206170835   
767  0.003206170835   
768  0.00169566688   
769  0.03262709852   
770  0.01124770656   
771  0.00141457214   
772  0.00590371064   
773  0.0006345786225   
774  0.001497598745   
775  0.0006068788233   
776  0.0002498394387   
777  0.06491584757   
778  0.0004216045639   
779  0.01051901424   
780  0.07872034002   
781  0.05075312778   
782  6.552402052e-05   
783  0.01289297435   
784  0.001332747488   
785  0.008745440009   
786  0.09756216883   
787  0.0411550149   
788  0.0411550149   
789  0.04120994051   
790  0.06950643143   
791  0.04099759165   
792  0.05131592191   
793  0.009041426547   
794  0.08165413886   
795  0.0546027831   
796  0.0009077675985   
797  0.01130365808   
798  0.0008877551522   
799  0.01704888995   
800  0.04418457021   
801  0.04418457021   
802  0.003413882468   
803  0.003760301483   
804  0.00021017936   
805  0.007557859338   
806  0.01190122075   
807  0.001710411941   
808  0.0243327642   
809  0.02847919091   
810  0.02847919091   
811  0.0004448102357   
812  0.0003820353711   
813  0.001482597843   
814  0.001336272436   
815  0.1147621809   
816  0.0003196444411   
817  0.0366992481   
818  0.03805097636   
819  0.0005464705806   
820  0.0005464705806   
821  0.00625652957   
822  0.000824113095   
823  0.0001291332042   
824  0.005275071848   
825  0.008972934924   
826  0.00322242956   
827  0.06123104286   
828  0.004367806603   
829  0.003614881486   
830  0.003614881486   
831  0.001442481242   
832  0.002246684433   
833  0.1433734642   
834  0.09125956366   
835  0.0542560969   
836  0.003111315759   
837  0.001259723038   
838  0.0175373264   
839  0.0175373264   
840  0.01268969219   
841  0.1259690562   
842  0.03170495296   
843  0.002339275675   
844  0.08744410563   
845  0.0003250807241   
846  0.0007077481192   
847  0.01679202445   
848  0.005103063217   
849  0.04058892179   
850  0.01936537889   
851  0.01804886154   
852  0.06893939753   
853  0.06893939753   
854  0.1025769781   
855  0.001715728047   
856  0.01338418503   
857  0.003230011924   
858  9.89198123e-05   
859  0.002234049581   
860  0.003067857542   
861  0.06641853256   
862  0.07313051549   
863  0.01186005986   
864  0.01798504941   
865  0.01804126265   
866  0.00060260117   
867  0.00060260117   
868  0.03638676936   
869  0.002441712686   
870  0.02769646432   
871  0.279617226   
872  0.0009312938645   
873  0.1864260618   
874  0.03685851067   
875  0.002735666844   
876  0.001613640686   
877  0.001761052786   
878  0.003671585256   
879  0.0007486455432   
880  0.008632614625   
881  0.008632614625   
882  0.0234642409   
883  0.003146090712   
884  0.02043633956   
885  0.05569764747   
886  0.05569764747   
887  3.546442383e-05   
888  0.007142815411   
889  0.0005620674012   
890  0.01549778621   
891  0.0007369307563   
892  0.01610265251   
893  0.002237291078   
894  0.03777988731   
895  0.03284771917   
896  0.009609619871   
897  0.00175172106   
898  0.0731114291   
899  0.00246281635   
900  0.00246281635   
901  0.06321490681   
902  0.131751652   
903  0.000891233971   
904  0.002943222976   
905  0.1593488391   
906  0.1075564555   
907  0.01515611862   
908  0.06726448437   
909  0.06564699746   
910  0.06564699746   
911  0.007219078745   
912  0.0006610641809   
913  0.0004500147888   
914  0.1547599031   
915  0.004382748552   
916  0.01380512491   
917  0.0002132585419   
918  0.02486080604   
919  0.01898257034   
920  0.01463432162   
921  0.05271185008   
922  0.05271185008   
923  0.04420717618   
924  0.03418671609   
925  0.1174680842   
926  0.004882862128   
927  0.001744505789   
928  0.0001002875309   
929  0.08586318778   
930  0.0511848415   
931  0.003547511819   
932  0.003547511819   
933  0.006370634815   
934  0.007622733555   
935  0.001713740202   
936  0.07192384915   
937  0.01964066105   
938  0.01192528779   
939  0.001295421494   
940  0.01355370126   
941  0.006459414719   
942  0.001557147932   
943  0.0001186993202   
944  0.003900750582   
945  0.009716933294   
946  0.009716933294   
947  0.004103711825   
948  0.0009198066787   
949  0.002960530719   
950  0.003174566273   
951  0.0007266592208   
952  0.061657803   
953  0.06920023729   
954  0.03438799121   
955  0.1045590073   
956  0.0020483546   
957  0.04495778745   
958  0.01267624486   
959  0.01267624486   
960  0.0005912149099   
961  0.007884329802   
962  0.05257885922   
963  0.0001126200455   
964  0.008640514988   
965  0.00506222625   
966  0.0165899401   
967  0.05199139865   
968  0.0001525664215   
969  0.09269911783   
970  0.0002102119707   
971  0.008902233408   
972  0.0004336868894   
973  0.03088171359   
974  0.00177335915   
975  0.06953882629   
976  0.06953882629   
977  0.02066268594   
978  0.05079726589   
979  0.001761580804   
980  0.02571296135   
981  0.001744324815   
982  0.004582248966   
983  0.1493733215   
984  0.005613247821   
985  0.0209305899   
986  0.001548891766   
987  0.06797799183   
988  0.06213112372   
989  0.2809716733   
990  0.2809716733   
991  0.1463596159   
992  0.003225150682   
993  0.0002501346634   
994  0.008832696736   
995  0.06483490896   
996  0.01326043286   
997  0.0003784493537   
998  0.02401242558   
999  0.02401242558   
1000  0.0263073928   
1001  0.001142753957   
1002  0.03753627705   
1003  0.0003870170673   
1004  0.01003643364   
1005  0.006237576523   
1006  0.09422217685   
1007  0.00247946549   
1008  0.00664159663   
1009  0.09563668052   
1010  0.0001886468585   
1011  0.004456688636   
1012  0.004456688636   
1013  0.004929050074   
1014  0.001764528738   
1015  0.003559638659   
1016  0.0004547276954   
1017  0.01977465316   
1018  0.07664077904   
1019  0.004600028023   
1020  0.001793830308   
1021  0.003600572297   
1022  0.001661812525   
1023  0.0003030977279   
1024  7.208210863e-05   
1025  0.002327817203   
1026  0.01064483237   
1027  0.8736499149   
1028  0.07198085718   
1029  0.07198085718   
1030  0.0372440616   
1031  0.01238323648   
1032  0.002594402408   
1033  0.06559995012   
1034  0.08962018017   
1035  0.04898081667   
1036  0.06619735764   
1037  0.002364434948   
1038  0.001349067596   
1039  0.001012213414   
1040  0.005718805522   
1041  0.2784941799   
1042  0.2784941799   
1043  0.007668101894   
1044  0.01540245285   
1045  0.07528985454   
1046  0.0228222737   
1047  0.07503767084   
