1  0.06123605926   
2  0.03729691555   
3  0.0009037173331   
4  0.002916422188   
5  0.06344095155   
6  0.001358250057   
7  0.0002693131569   
8  0.02476783848   
9  0.0006879339732   
10  0.003705501476   
11  0.0168988486   
12  0.0003586322532   
13  0.0007637882501   
14  0.01323399757   
15  0.04391400383   
16  0.0008072647556   
17  0.03615914561   
18  0.03139005127   
19  0.005085469612   
20  0.001802766157   
21  0.0005094884874   
22  0.01608799038   
23  0.0005724512355   
24  0.0003713369381   
25  0.06004524662   
26  0.0004310988596   
27  0.000159550917   
28  0.0001535020748   
29  0.007295274642   
30  0.04394355179   
31  0.001239163138   
32  0.0004222306338   
33  0.004242573855   
34  0.0009884879268   
35  0.005419865483   
36  0.007740379387   
37  0.0008414238417   
38  0.03268704143   
39  0.000498288868   
40  0.001337996842   
41  0.0009513878699   
42  0.03055968502   
43  0.002585306245   
44  0.0001746808217   
45  0.0004475137309   
46  0.002652796805   
47  0.003789883405   
48  0.002145503456   
49  0.0008477669509   
50  0.002041955697   
51  0.0008157286058   
52  0.000441072257   
53  0.006828109042   
54  0.001653691106   
55  0.007636902217   
56  0.0005389360309   
57  0.0002493374382   
58  0.002765414327   
59  0.0002799959271   
60  0.004499447037   
61  0.006348804139   
62  0.007986925829   
63  0.0006317144961   
64  0.000708090887   
65  0.0006346945639   
66  0.0003040962074   
67  1.735019865e-05   
68  4.728783432e-05   
69  0.04267127179   
70  0.0002187775983   
71  0.01562564463   
72  0.0002047579641   
73  0.000435275258   
74  0.02646337207   
75  0.003065732996   
76  0.000752107924   
77  0.0003572893771   
78  0.008700723404   
79  0.001364948247   
80  0.01443390654   
81  0.0003032500015   
82  0.005528834181   
83  0.01562179725   
84  0.000480116348   
85  0.001038283834   
86  0.02549206644   
87  0.0004116400543   
88  0.04969415648   
89  0.008903166469   
90  0.005620350962   
91  0.0009531888346   
92  0.001707730452   
93  0.01523689107   
94  0.0005350092719   
95  0.001796341365   
96  0.007035639322   
97  0.001989360765   
98  0.008988955767   
99  0.05868341207   
100  0.03136120409   
101  0.0001321661895   
102  0.002024533035   
103  0.00217061389   
104  0.0001103618131   
105  0.009234688343   
106  0.0006109064186   
107  0.0004980483236   
108  0.00217665276   
109  0.001204815579   
110  0.001294872727   
111  0.003125473029   
112  0.0004619341388   
113  0.00106382462   
114  3.866126769e-05   
115  0.000468175609   
116  0.05186193508   
117  0.002529199549   
118  0.02717167235   
119  0.00172695914   
120  0.000224603149   
121  0.03455659733   
122  0.001234087351   
123  0.002824042666   
124  0.004448905307   
125  0.01399850027   
126  0.001190504573   
127  0.01963069923   
128  0.0004372144366   
129  0.03039497684   
130  0.02596905567   
131  0.01285102275   
132  0.004431451406   
133  0.02907956384   
134  0.02865358522   
135  0.002418473711   
136  0.000212793214   
137  0.0006678341581   
138  0.0001735571862   
139  0.001280345779   
140  0.0002636171776   
141  0.0005717340377   
142  0.005361250215   
143  0.005718605994   
144  6.704484484e-05   
145  0.06131003304   
146  0.003797025671   
147  0.006360581537   
148  0.004491966206   
149  0.002918878689   
150  0.00042104432   
151  0.0003906254834   
152  0.0007977403774   
153  0.002621297521   
154  0.0002162261483   
155  0.0520524303   
156  0.07284496925   
157  0.002438522202   
158  0.0003296855114   
159  0.002814326778   
160  0.0002426430407   
161  0.01410988846   
162  0.02204712901   
163  6.073291407e-05   
164  0.0005798225698   
165  0.02712654693   
166  0.0005980454149   
167  0.001137225618   
168  5.84261008e-05   
169  0.013405905   
170  0.013405905   
171  0.03360404102   
172  7.184827833e-05   
173  0.0003188053879   
174  0.002098416099   
175  0.0001456268751   
176  0.02994299075   
177  0.0001628157211   
178  0.0005139179648   
179  0.0003346857928   
180  0.004909141753   
181  0.0006085312248   
182  0.001304102137   
183  2.559082373e-05   
184  0.009698637311   
185  0.0002111708765   
186  0.0004167273065   
187  0.005389741202   
188  0.0539481105   
189  0.0001442122462   
190  0.0712815566   
191  0.0002343048271   
192  0.02437580686   
193  0.0003321337279   
194  0.004978900506   
195  0.0002827299872   
196  0.0001421871705   
197  0.01054974334   
198  0.008766225873   
199  0.0002144982257   
200  0.001197843339   
201  0.00249672353   
202  0.0004041157971   
203  0.001705224881   
204  0.009370300809   
205  0.02142742992   
206  0.02429387942   
207  0.001125433374   
208  0.0002132297245   
209  0.0007594135727   
210  0.0008244351386   
211  0.0002850392343   
212  2.217177764e-05   
213  0.01728485102   
214  0.01468957708   
215  0.001520731829   
216  0.001142154935   
217  0.004828611546   
218  0.0002111498933   
219  0.07982676587   
220  0.002898754397   
221  0.05524235921   
222  0.0009692926443   
223  0.0004335852008   
224  0.0009633811324   
225  0.002640561165   
226  9.543861778e-05   
227  0.002241414011   
228  0.00166574711   
229  0.002000710204   
230  0.0001920658871   
231  0.000311073668   
232  0.00750742333   
233  0.06103907078   
234  0.06338507669   
235  0.003838008359   
236  0.00235377997   
237  0.001711411343   
238  0.002214944567   
239  0.01349931381   
240  0.0001178321505   
241  0.05111972603   
242  0.001584542741   
243  0.05220759249   
244  0.001166259855   
245  0.002265244829   
246  0.0002176791421   
247  0.07045829079   
248  0.0009459784253   
249  0.04053213147   
250  0.0001659166126   
251  0.001265421697   
252  0.003741945975   
253  0.0004841199384   
254  0.0002954101658   
255  0.0004870223156   
256  0.03097633941   
257  0.0007847267351   
258  6.150270368e-05   
259  0.003990457717   
260  0.004057309245   
261  0.008519264479   
262  0.000839390091   
263  0.04546768093   
264  0.03054541385   
265  0.02082769321   
266  0.0004069698516   
267  0.0001103515937   
268  0.009557115894   
269  0.0007676738574   
270  0.004476931536   
271  0.0001106847994   
272  0.04994338802   
273  0.004233074905   
274  0.0006182152141   
275  0.0002518822717   
276  0.001827181375   
277  0.001307374081   
278  0.0002844908578   
279  0.05783003437   
280  0.0002129198437   
281  0.0003410602272   
282  0.001286186368   
283  0.003993698097   
284  0.001811219162   
285  0.000225551897   
286  0.003266391532   
287  0.001577676371   
288  0.000661800442   
289  0.0009549095679   
290  0.0005202165382   
291  0.000309422091   
292  8.231654032e-05   
293  0.008054411795   
294  0.0009231749992   
295  0.0008763328839   
296  0.00129499231   
297  0.0002633652319   
298  0.001083280062   
299  0.005656350374   
300  0.04772626392   
301  0.04772626392   
302  0.009573144339   
303  0.01587200104   
304  0.001051364951   
305  0.04978675005   
306  0.001553999504   
307  0.008026375352   
308  0.0003225370248   
309  0.06248455133   
310  0.0004206472281   
311  0.0001347104804   
312  0.0005764580453   
313  0.001012449789   
314  0.00125932076   
315  0.006678620532   
316  0.04136537686   
317  0.001689730697   
318  0.001273230151   
319  0.001123260245   
320  0.002233189215   
321  0.002125434216   
322  0.0001961810047   
323  0.0001961810047   
324  0.000912993157   
325  0.003088139323   
326  0.0003041668729   
327  0.0002643307559   
328  0.0001073709193   
329  0.0006421409951   
330  0.0004552715242   
331  0.001888179351   
332  0.009396686965   
333  0.03100564033   
334  0.0005366288479   
335  0.0001365636545   
336  6.581778454e-05   
337  9.887830072e-05   
338  0.0001894452268   
339  0.01465855342   
340  0.0001672430913   
341  0.0002164851635   
342  0.0007301437463   
343  0.01252905649   
344  0.01004770412   
345  0.06437571059   
346  0.0007847595851   
347  0.0168310293   
348  0.002691120669   
349  0.001331446157   
350  0.02253885748   
351  0.0002738335713   
352  0.0007150936131   
353  0.002337626998   
354  0.005766940754   
355  0.01591290032   
356  0.05012525316   
357  0.08692930415   
358  0.07396979208   
359  0.0005689285746   
360  0.0001015443373   
361  0.0009657037441   
362  2.3975628e-05   
363  0.001157503068   
364  0.0002032899967   
365  0.0006234629662   
366  0.001544966542   
367  0.01665557918   
368  0.03313278482   
369  0.0004979222554   
370  0.05108688571   
371  0.002561654971   
372  0.05466250021   
373  0.05466250021   
374  0.0001764252309   
375  0.01057718086   
376  0.01873602641   
377  0.0005903493453   
378  0.003638151651   
379  0.0003924783054   
380  0.0003924783054   
381  0.0007981228638   
382  0.001164945592   
383  0.0003559432551   
384  0.001075452557   
385  0.003626306113   
386  0.0007226212256   
387  0.0002215332343   
388  0.007947638734   
389  0.02105974958   
390  0.01838218558   
391  0.002176314899   
392  0.006499581636   
393  0.01070429052   
394  0.002778688906   
395  0.002760743231   
396  0.0002641770551   
397  0.0003323993974   
398  0.0001888839791   
399  0.0006615933402   
400  8.817176571e-05   
401  0.001370281634   
402  6.822341944e-05   
403  3.573468782e-05   
404  0.001805187003   
405  0.04844732847   
406  0.0001114972992   
407  0.002075271577   
408  2.022834397e-05   
409  0.001149293216   
410  0.04622502728   
411  0.01592250371   
412  0.003315271655   
413  4.672278901e-05   
414  0.003240278306   
415  0.002508899117   
416  0.001826370793   
417  0.03639833119   
418  0.0002677615054   
419  0.01028628381   
420  0.0009721863368   
421  0.001001929198   
422  0.002761841766   
423  0.000910825405   
424  0.0008080163372   
425  0.0002218706465   
426  0.001178010822   
427  0.000431187042   
428  0.0002874667801   
429  0.0009217818795   
430  0.0007970159431   
431  0.05270465828   
432  0.001937896609   
433  0.001053486366   
434  0.002007255579   
435  0.03008933399   
436  0.0002600334261   
437  0.0006462475736   
438  0.0001172154313   
439  0.0004070407214   
440  0.008101158379   
441  0.000160795634   
442  0.0007891977864   
443  0.0002661431697   
444  0.008565890542   
445  0.0005236079188   
446  0.002612950564   
447  0.01033217637   
448  2.74215616e-05   
449  0.008493393114   
450  0.06462388666   
451  0.004505143101   
452  0.0005918765654   
453  0.0003816980664   
454  0.0001590511392   
455  0.008321585672   
456  0.005777396729   
457  0.04288166187   
458  0.01044186516   
459  0.001731494401   
460  0.01127951994   
461  0.0001937170294   
462  0.03012964073   
463  0.04584098063   
464  0.000602273824   
465  0.001079987822   
466  0.0001729864203   
467  0.03541252692   
468  0.003596191886   
469  0.002076808896   
470  0.0006118715069   
471  0.00407678047   
472  0.0002196868439   
473  0.001889225347   
474  0.0002255091572   
475  0.002483265717   
476  0.002238158317   
477  0.0007949086523   
478  0.01257123087   
479  0.002402269458   
480  6.190725783e-06   
481  0.0006330857233   
482  0.0002805572841   
483  0.000249409366   
484  0.05127721053   
485  0.02404294043   
486  0.04871969642   
487  0.01257274341   
488  0.01294734309   
489  0.0005594391465   
490  0.0004524006765   
491  0.004435349468   
492  9.108809514e-05   
493  0.0003002060025   
494  0.001386712616   
495  0.0006062825149   
496  0.04681328712   
497  0.004396198673   
498  0.0002172280271   
499  1.812900685e-05   
500  0.0007399725394   
501  0.001086994754   
502  0.001205563923   
503  0.005953107771   
504  0.0252038773   
505  0.00182272976   
506  0.003325112201   
507  0.002135194614   
508  0.05604886802   
509  0.005657316323   
510  0.0005976441074   
511  0.0002852342099   
512  0.0004685765314   
513  0.001615857248   
514  0.0002198653506   
515  0.02867444626   
516  0.001510288363   
517  0.0399901773   
518  0.000191863313   
519  0.04224402352   
520  0.00579484541   
521  0.0001804782104   
522  0.000382620148   
523  0.002438381224   
524  0.02540764655   
525  0.09240710752   
526  0.001463597752   
527  0.0004648738293   
528  0.001765809399   
529  0.001700740034   
530  0.0004721526216   
531  0.002572607865   
532  0.05483891458   
533  0.0001511567481   
534  0.006393886937   
535  0.02967650457   
536  0.0002508584944   
537  0.001263773958   
538  0.0003571697534   
539  0.02495512053   
540  0.0003170209568   
541  0.02437093518   
542  0.001053175752   
543  0.0001915175271   
544  0.0001630349381   
545  0.03087966137   
546  0.0004192902293   
547  0.0003179948217   
548  0.0001984850108   
549  0.00162587418   
550  0.0007220775371   
551  0.0001717381965   
552  0.0004920962514   
553  0.1246026678   
554  0.00598398012   
555  0.002095295325   
556  0.01428783873   
557  0.0003502737538   
558  0.0004911556406   
559  0.0002207542939   
560  0.0003245350829   
561  0.0007910214193   
562  6.982501583e-05   
563  1.360824725e-05   
564  0.002336562134   
565  0.004929203612   
566  0.004929203612   
567  0.001178279176   
568  0.02959561791   
569  8.035306934e-05   
570  0.03631738681   
571  0.00996694799   
572  0.0003321755519   
573  0.04701857802   
574  0.003220307784   
575  0.04338153202   
576  0.004333489265   
577  0.01850988935   
578  0.003417003381   
579  0.0002117078156   
580  0.009260192696   
581  0.000407994861   
582  0.0002233572476   
583  2.915226154e-05   
584  0.008842141469   
585  0.00318016545   
586  0.0001389313384   
587  0.00119962562   
588  0.0008486825819   
589  0.000729629115   
590  0.008701905445   
591  0.0006917561407   
592  0.002473162087   
593  0.001319726925   
594  0.006098297429   
595  0.02877145636   
596  0.001780438845   
597  0.0009019373542   
598  0.0005611760409   
599  0.0002347987448   
600  0.002535729821   
601  0.001372964424   
602  0.003728095205   
603  0.007521791945   
604  0.02165737975   
605  0.01790033517   
606  0.001044909883   
607  0.0005230630697   
608  0.00112782495   
609  0.07490445815   
610  0.0002053162186   
611  0.0005481291339   
612  0.0008888477682   
613  0.007253735618   
614  0.0001000323108   
615  0.001293022698   
616  0.002810515294   
617  0.0002441368922   
618  0.06506102648   
619  0.06506102648   
620  0.0003953551371   
621  0.00446144496   
622  0.001351077821   
623  0.0001364189615   
624  0.001250067264   
625  0.001683274645   
626  0.009328293958   
627  0.001069233512   
628  0.003675572911   
629  0.002933163223   
630  0.002933163223   
631  0.002565308229   
632  0.001892312699   
633  0.0001202376758   
634  0.000235812623   
635  0.0004968140552   
636  0.003974580131   
637  0.0002300946369   
638  0.0002309838851   
639  0.01188266088   
640  6.805465689e-05   
641  0.00115390275   
642  0.01158090238   
643  0.001908886058   
644  0.0001614430374   
645  0.007130511535   
646  0.0004853778924   
647  0.00642431447   
648  0.0001567006072   
649  0.0004730416004   
650  0.04210350395   
651  0.03916900494   
652  0.004549922107   
653  0.02864922643   
654  0.005440029142   
655  0.00364598637   
656  0.001187058455   
657  0.02150913136   
658  0.0002186081403   
659  0.000380307105   
660  0.02332159504   
661  0.002539617998   
662  0.0004408215259   
663  0.00137385972   
664  0.001754498852   
665  0.001780984743   
666  0.001058682261   
667  0.001463354779   
668  0.0004308372391   
669  0.007822019578   
670  0.000143642283   
671  2.727343442e-05   
672  0.002553484561   
673  0.02772280006   
674  0.0003475314717   
675  0.00535805303   
676  0.0741616411   
677  0.02905802209   
678  2.931684481e-05   
679  0.0001140910932   
680  0.002353566504   
681  0.06493165308   
682  0.0003702877565   
683  2.101319941e-05   
684  0.0002159714445   
685  0.003109863821   
686  0.006014915492   
687  0.02507468943   
688  0.01516024023   
689  0.001053411735   
690  0.000829443285   
691  0.0001412083685   
692  0.006199930324   
693  0.000799343198   
694  0.0003539358924   
695  0.001709327683   
696  0.003642167624   
697  0.07988966462   
698  0.001773703626   
699  0.000261839764   
700  0.01028925157   
701  0.0007742823721   
702  0.001347901006   
703  0.02225837044   
704  0.001229748915   
705  0.000325267657   
706  0.002376076519   
707  0.000309131567   
708  0.02493486573   
709  0.000746789942   
710  0.0006703130543   
711  0.0004633275659   
712  0.0009062308271   
713  0.04835734741   
714  0.001736253732   
715  0.0001066277238   
716  0.004773826806   
717  0.003642324408   
718  0.0006183147265   
719  6.787426784e-05   
720  0.002125949793   
721  7.995186e-05   
722  0.0001260186513   
723  8.240836081e-05   
724  0.0002812994018   
725  0.001522845133   
726  0.002688583427   
727  0.0003212582627   
728  0.03152796937   
729  0.0004852892901   
730  0.0003284863518   
731  0.003258731128   
732  0.09587063119   
733  0.0006916986463   
734  0.0001408815912   
735  0.002204626022   
736  0.001618842127   
737  0.0003447773961   
738  0.004143031539   
739  0.08231074757   
740  0.04800446498   
741  0.002594927836   
742  0.03955587375   
743  0.01125626674   
744  0.0009431613866   
745  0.01668971572   
746  0.002538408022   
747  0.01861293067   
748  8.681713545e-05   
749  0.01134462008   
750  0.001282885856   
751  0.005731471229   
752  0.007383637243   
753  0.007383637243   
754  0.03721557553   
755  0.000258010983   
756  0.001678915968   
757  0.001538297855   
758  0.0004934294993   
759  0.002542406265   
760  0.001306897848   
761  0.005330688978   
762  0.01283215012   
763  0.002423619971   
764  3.230765158e-05   
765  0.003800668255   
766  0.03647830361   
767  0.002889307966   
768  0.000206079469   
769  0.1181143066   
770  0.05206491472   
771  4.405141048e-05   
772  0.002479043227   
773  0.05860238805   
774  0.003134378036   
775  0.05895066689   
776  0.0001511902196   
777  0.01547051773   
778  0.07200283749   
779  5.726651344e-05   
780  0.002394285624   
781  0.01197924147   
782  0.01295087749   
783  0.000378212928   
784  0.009122595563   
785  0.000147090474   
786  1.49944096e-05   
787  0.001278694435   
788  0.0280152332   
789  0.001027026267   
790  0.001418813436   
791  0.005199137418   
792  0.0002566251917   
793  0.001178007754   
794  0.002221350272   
795  0.0006115729235   
796  0.0004706518873   
797  0.008863111958   
798  0.03595790228   
799  0.00567607048   
800  0.03874480274   
801  0.002605927134   
802  0.003367568614   
803  3.223907621e-05   
804  0.001685064199   
805  0.003818357589   
806  0.001767199787   
807  0.0008795332058   
808  0.000854961253   
809  0.0006375576762   
810  0.0615427711   
811  0.001502525844   
812  0.001503159584   
813  0.001731492307   
814  0.0004430602576   
815  0.002179801027   
816  0.01648769482   
817  0.008310983375   
818  0.01174496382   
819  0.0004344258153   
820  0.004641720792   
821  0.0001903544374   
822  8.416722829e-05   
823  0.03273874058   
824  0.0004498740324   
825  0.01345512004   
826  0.0002383847815   
827  0.00575737788   
828  0.03786005439   
829  0.0007846725594   
830  5.268529443e-05   
831  0.04056541004   
832  0.0003720505573   
833  0.006409026472   
834  0.05422999719   
835  0.01752816438   
836  0.005049197734   
837  0.001882979719   
838  0.0001710699127   
839  0.0006207600494   
840  0.002013108155   
841  0.03663786591   
842  0.0006451872586   
843  0.01038687002   
844  0.002297900894   
845  0.005453304125   
846  0.0008189716591   
847  0.0004504738542   
848  0.08729669713   
849  0.0001509362338   
850  0.02440005954   
851  0.001562671472   
852  0.0008230519905   
853  0.03039643618   
854  0.001007037988   
855  0.004872661525   
856  0.007526817613   
857  0.05740648453   
858  0.0007112923018   
859  0.0006541027411   
860  0.01557412203   
861  0.00438646919   
862  0.0003293105941   
863  0.002950130108   
864  8.179734149e-05   
865  0.0007278765456   
866  0.0005517187083   
867  0.07554230909   
868  0.001482724232   
869  0.0004429042234   
870  0.0009506047968   
871  0.0001631975126   
872  0.000417080059   
873  0.000545830762   
874  0.0004288239452   
875  0.0006347432212   
876  0.0004643126815   
877  0.0003783068758   
878  0.0006509508222   
879  0.001384460114   
880  0.0006680832508   
881  0.0004748977508   
882  0.001156831058   
883  0.07350882879   
884  0.002128485744   
885  0.008523819695   
886  0.01405354598   
887  0.00110346091   
888  0.0004219669941   
889  0.002774598554   
890  0.008298952431   
891  0.01466702093   
892  0.00277117933   
893  0.02252700709   
894  0.01559606414   
895  0.0003995205055   
896  0.002989662787   
897  0.02947395052   
898  0.0006769038652   
899  0.001108534964   
900  0.0002685799645   
901  0.07842508166   
902  0.05583234273   
903  5.609807624e-05   
904  0.002485899997   
905  0.02350196225   
906  0.0003006155907   
907  0.00102861559   
908  0.03953960235   
909  0.0005797905689   
910  0.001396385294   
911  0.004415525211   
912  0.00519047755   
913  0.05156155543   
914  0.04504170166   
915  0.01965126457   
916  0.006407200082   
917  0.0001800994855   
918  0.01471959096   
919  0.01901826409   
920  0.009010480834   
921  0.0303339609   
922  0.0006850983769   
923  0.005084867198   
924  0.003429625593   
925  0.001458892717   
926  0.002367559169   
927  0.0001824219767   
928  0.0008690566036   
929  0.001865696989   
930  0.007445411992   
931  0.0037180673   
932  0.0002313106905   
933  0.0005428501469   
934  9.516293873e-05   
935  0.002951636952   
936  3.077410548e-05   
937  0.003147057955   
938  4.801018357e-05   
939  0.01448829898   
940  0.008608081256   
941  0.000275897955   
942  0.0004743640808   
943  0.0006497424037   
944  0.01321620158   
945  0.001701572991   
946  0.0124858157   
947  0.000265813523   
948  0.004893411233   
949  0.001493713833   
950  0.00188104223   
951  0.001829995552   
952  0.003419009385   
953  0.0003605592961   
954  3.834552131e-05   
955  0.01906113635   
956  0.001083331208   
957  0.001678423619   
958  0.004474481679   
959  0.04142600626   
960  3.92162386e-05   
961  0.0001180762919   
962  0.002677786227   
963  0.0003305898605   
964  0.01261905421   
965  0.003331578095   
966  0.001958561444   
967  0.01010724085   
968  7.331648154e-05   
969  0.03980548711   
970  0.009441984755   
971  0.0005024205594   
972  0.0005061452705   
973  0.001937190998   
974  0.01652683427   
975  0.0353804591   
976  0.00128438277   
977  0.0002149383095   
978  0.000394102158   
979  0.02025354293   
980  0.0003622483961   
981  0.002262028373   
982  0.005444841886   
983  0.005860365318   
984  0.007144853046   
985  0.06500040506   
986  0.002080320092   
987  0.001192636081   
988  0.0485502972   
989  0.002802928043   
990  0.003977016149   
991  0.001273155881   
992  0.0001202491248   
993  0.000133344063   
994  0.02777078071   
995  0.0001111291894   
996  0.0005060921922   
997  0.007450001273   
998  0.000211533769   
999  0.006413102994   
1000  0.001745809958   
1001  6.166560512e-06   
1002  0.03748474046   
1003  3.320156327e-05   
1004  0.0007104936789   
1005  0.01934673285   
1006  0.04014704323   
1007  0.0004119995961   
1008  0.000512852623   
1009  0.003373474002   
1010  0.0005964747528   
1011  0.03064202144   
1012  0.03064202144   
1013  0.04117479595   
1014  0.0008630274941   
1015  0.000362279737   
1016  0.0002866758698   
1017  0.03668746981   
1018  0.0002176441496   
1019  0.0008599089993   
1020  1.834074878e-05   
1021  0.001494346052   
1022  0.008465920591   
1023  0.0002162158509   
1024  0.02052782663   
