1 1 19 H
2 2 18 19 R2
3 2 17 19 R3
4 1 18 H
5 2 17 18 R2
6 2 16 18 R3
7 1 17 H
8 2 16 17 R2
9 2 15 17 R3
10 1 16 H
11 2 15 16 R2
12 2 14 16 R3
13 1 15 H
14 2 14 15 R2
15 2 13 15 R3
16 1 14 H
17 2 13 14 R2
18 2 12 14 R3
19 1 13 H
20 2 12 13 R2
21 2 11 13 R3
22 1 12 H
23 2 11 12 R2
24 2 10 12 R3
25 1 11 H
26 2 10 11 R2
27 2 9 11 R3
28 1 10 H
29 2 9 10 R2
30 2 8 10 R3
31 1 9 H
32 2 8 9 R2
33 2 7 9 R3
34 1 8 H
35 2 7 8 R2
36 2 6 8 R3
37 1 7 H
38 2 6 7 R2
39 2 5 7 R3
40 1 6 H
41 2 5 6 R2
42 2 4 6 R3
43 1 5 H
44 2 4 5 R2
45 2 3 5 R3
46 1 4 H
47 2 3 4 R2
48 2 2 4 R3
49 1 3 H
50 2 2 3 R2
51 2 1 3 R3
52 1 2 H
53 2 1 2 R2
54 2 0 2 R3
55 1 1 H
56 2 0 1 R2
57 1 0 H
58 2 19 0 SWAP
59 2 18 1 SWAP
60 2 17 2 SWAP
61 2 16 3 SWAP
62 2 15 4 SWAP
63 2 14 5 SWAP
64 2 13 6 SWAP
65 2 12 7 SWAP
66 2 11 8 SWAP
67 2 10 9 SWAP
