1 1 24 H
2 2 23 24 R2
3 1 23 X
4 1 24 Y
5 2 22 24 R3
6 1 22 X
7 1 24 X
8 1 23 H
9 2 22 23 R2
10 1 22 Y
11 1 23 Y
12 2 21 23 R3
13 1 21 Y
14 1 23 Z
15 1 22 H
16 1 22 Z
17 2 21 22 R2
18 2 20 22 R3
19 1 21 H
20 1 21 Z
21 2 20 21 R2
22 1 20 Y
23 1 21 I
24 2 19 21 R3
25 1 19 I
26 1 21 Z
27 1 20 H
28 1 20 X
29 2 19 20 R2
30 2 18 20 R3
31 1 19 H
32 1 19 Z
33 2 18 19 R2
34 2 17 19 R3
35 1 17 Z
36 1 19 Y
37 1 18 H
38 1 18 X
39 2 17 18 R2
40 1 17 X
41 1 18 Y
42 2 16 18 R3
43 1 16 Y
44 1 18 Y
45 1 17 H
46 2 16 17 R2
47 2 15 17 R3
48 1 16 H
49 1 16 X
50 2 15 16 R2
51 2 14 16 R3
52 1 14 I
53 1 16 X
54 1 15 H
55 2 14 15 R2
56 2 13 15 R3
57 1 14 H
58 2 13 14 R2
59 1 13 Y
60 1 14 X
61 2 12 14 R3
62 1 12 Z
63 1 14 X
64 1 13 H
65 2 12 13 R2
66 1 12 X
67 1 13 Z
68 2 11 13 R3
69 1 12 H
70 2 11 12 R2
71 2 10 12 R3
72 1 10 Y
73 1 12 X
74 1 11 H
75 2 10 11 R2
76 2 9 11 R3
77 1 9 I
78 1 11 Y
79 1 10 H
80 2 9 10 R2
81 2 8 10 R3
82 1 9 H
83 1 9 Y
84 2 8 9 R2
85 1 8 I
86 1 9 Z
87 2 7 9 R3
88 1 7 Z
89 1 9 X
90 1 8 H
91 2 7 8 R2
92 2 6 8 R3
93 1 6 Z
94 1 8 Y
95 1 7 H
96 2 6 7 R2
97 2 5 7 R3
98 1 6 H
99 1 6 Z
100 2 5 6 R2
101 2 4 6 R3
102 1 5 H
103 1 5 Y
104 2 4 5 R2
105 1 4 Y
106 1 5 X
107 2 3 5 R3
108 1 3 X
109 1 5 I
110 1 4 H
111 1 4 Z
112 2 3 4 R2
113 2 2 4 R3
114 1 2 X
115 1 4 X
116 1 3 H
117 1 3 Y
118 2 2 3 R2
119 1 2 X
120 1 3 X
121 2 1 3 R3
122 1 1 X
123 1 3 I
124 1 2 H
125 1 2 Y
126 2 1 2 R2
127 1 1 Z
128 1 2 X
129 2 0 2 R3
130 1 0 I
131 1 2 Z
132 1 1 H
133 1 1 Y
134 2 0 1 R2
135 1 0 H
136 2 24 0 SWAP
137 1 24 Z
138 1 0 X
139 2 23 1 SWAP
140 1 23 Y
141 1 1 Y
142 2 22 2 SWAP
143 2 21 3 SWAP
144 2 20 4 SWAP
145 2 19 5 SWAP
146 1 19 I
147 1 5 Y
148 2 18 6 SWAP
149 2 17 7 SWAP
150 2 16 8 SWAP
151 1 16 X
152 1 8 X
153 2 15 9 SWAP
154 1 15 Z
155 1 9 I
156 2 14 10 SWAP
157 1 14 Z
158 1 10 Y
159 2 13 11 SWAP
