1 1 24 H
2 2 23 24 R2
3 2 22 24 R3
4 1 23 H
5 2 22 23 R2
6 2 21 23 R3
7 1 22 H
8 2 21 22 R2
9 2 20 22 R3
10 1 21 H
11 2 20 21 R2
12 2 19 21 R3
13 1 20 H
14 2 19 20 R2
15 2 18 20 R3
16 1 19 H
17 2 18 19 R2
18 2 17 19 R3
19 1 18 H
20 2 17 18 R2
21 2 16 18 R3
22 1 17 H
23 2 16 17 R2
24 2 15 17 R3
25 1 16 H
26 2 15 16 R2
27 2 14 16 R3
28 1 15 H
29 2 14 15 R2
30 2 13 15 R3
31 1 14 H
32 2 13 14 R2
33 2 12 14 R3
34 1 13 H
35 2 12 13 R2
36 2 11 13 R3
37 1 12 H
38 2 11 12 R2
39 2 10 12 R3
40 1 11 H
41 2 10 11 R2
42 2 9 11 R3
43 1 10 H
44 2 9 10 R2
45 2 8 10 R3
46 1 9 H
47 2 8 9 R2
48 2 7 9 R3
49 1 8 H
50 2 7 8 R2
51 2 6 8 R3
52 1 7 H
53 2 6 7 R2
54 2 5 7 R3
55 1 6 H
56 2 5 6 R2
57 2 4 6 R3
58 1 5 H
59 2 4 5 R2
60 2 3 5 R3
61 1 4 H
62 2 3 4 R2
63 2 2 4 R3
64 1 3 H
65 2 2 3 R2
66 2 1 3 R3
67 1 2 H
68 2 1 2 R2
69 2 0 2 R3
70 1 1 H
71 2 0 1 R2
72 1 0 H
73 2 24 0 SWAP
74 2 23 1 SWAP
75 2 22 2 SWAP
76 2 21 3 SWAP
77 2 20 4 SWAP
78 2 19 5 SWAP
79 2 18 6 SWAP
80 2 17 7 SWAP
81 2 16 8 SWAP
82 2 15 9 SWAP
83 2 14 10 SWAP
84 2 13 11 SWAP
