r iterations mean std_dev variance  standard_error_of_the_mean overlap_median  mean_of_logvariance of log std_dev_log
0.001 7000 0.999613 0.018725 0.000350627 0.000223807 1 -0.00105091 0.0026864 0.0518305 
0.002 4000 0.997408 0.0470486 0.00221357 0.000743903 1 -0.0360998 1.07467 1.03666 
0.004 2500 0.997433 0.0459247 0.00210908 0.000918494 1 -0.00602018 0.0131361 0.114613 
0.008 1750 0.992077 0.0809791 0.00655761 0.00193577 1 -0.0366686 0.655313 0.809514 
0.016 1375 0.986558 0.104256 0.0108694 0.00281158 1 -0.0346383 0.096711 0.310984 
0.032 1188 0.950944 0.201273 0.040511 0.00583954 1 -0.20493 2.33707 1.52875 
0.064 1094 0.489854 0.458118 0.209872 0.0138506 0.24373 -1.96669 6.96833 2.63976 
0.128 1047 0.0306333 0.0531795 0.00282806 0.0016435 0.00885241 -4.84906 4.38237 2.09341 
0.256 1024 0.00967586 0.0176589 0.000311838 0.000551842 0.00169524 -6.25741 3.89773 1.97427 
0.512 1012 0.00499006 0.0112944 0.000127563 0.000355036 0.000816658 -6.90708 3.19638 1.78784 
