r iterations mean std_dev variance  standard_error_of_the_mean overlap_median  mean_of_logvariance of log std_dev_log
0.001 7000 0.982429 0.128041 0.0163944 0.000195951 1 -inf -nan -nan 
0.002 4000 0.962812 0.183931 0.0338306 0.000534909 1 -inf -nan -nan 
0.004 2500 0.930574 0.247396 0.0612047 0.00122409 1 -inf -nan -nan 
0.008 1750 0.86881 0.328152 0.107684 0.00257413 1 -inf -nan -nan 
0.016 1375 0.738601 0.423829 0.179631 0.00484429 1 -inf -nan -nan 
0.032 1188 0.563707 0.471493 0.222305 0.00644974 0.870485 -inf -nan -nan 
0.064 1094 0.339502 0.441593 0.195004 0.00589569 3.67291e-15 -inf -nan -nan 
0.128 1047 0.0988809 0.25533 0.0651936 0.0020148 3.53581e-16 -inf -nan -nan 
0.256 1024 0.0110659 0.0694776 0.00482714 0.000150848 6.8353e-17 -inf -nan -nan 
0.512 1012 0.000223955 0.00287031 8.23868e-06 2.58981e-07 7.03411e-18 -40.3638 438.988 20.952 
