0.434117082675
0.121434171089
0.121434171089
0.0715067545444
0.121434171089
0.037414509608
0.0715067545444
0.0544264908216
0.121434171089
0.0350899802507
0.037414509608
0.0245300346699
0.0715067545444
0.0245300346699
0.0544264908216
0.0482352314083
0.121434171089
0.0346563066485
0.0350899802507
0.0219001608505
0.037414509608
0.012256248656
0.0245300346699
0.0207720374265
0.0715067545444
0.0219001608505
0.0245300346699
0.0184475080693
0.0544264908216
0.0207720374265
0.0482352314083
0.0482352314083
0.121434171089
0.0346563066485
0.0346563066485
0.0214664872483
0.0350899802507
0.0113206189422
0.0219001608505
0.0181421636072
0.037414509608
0.0113206189422
0.012256248656
0.00895152134237
0.0245300346699
0.00925686580449
0.0207720374265
0.0207720374265
0.0715067545444
0.0214664872483
0.0219001608505
0.0153839606477
0.0245300346699
0.00895152134237
0.0184475080693
0.0181421636072
0.0544264908216
0.0181421636072
0.0207720374265
0.0181421636072
0.0482352314083
0.0207720374265
0.0482352314083
0.0544264908216
0.121434171089
0.0350899802507
0.0346563066485
0.0219001608505
0.0346563066485
0.0113206189422
0.0214664872483
0.0181421636072
0.0350899802507
0.0106903336906
0.0113206189422
0.00832123609071
0.0219001608505
0.00832123609071
0.0181421636072
0.0184475080693
0.037414509608
0.0113206189422
0.0113206189422
0.00801589162859
0.012256248656
0.00449907427731
0.00895152134237
0.00895152134237
0.0245300346699
0.00832123609071
0.00925686580449
0.00832123609071
0.0207720374265
0.00925686580449
0.0207720374265
0.0245300346699
0.0715067545444
0.0219001608505
0.0214664872483
0.0153839606477
0.0219001608505
0.00801589162859
0.0153839606477
0.0153839606477
0.0245300346699
0.00832123609071
0.00895152134237
0.00801589162859
0.0184475080693
0.00832123609071
0.0181421636072
0.0219001608505
0.0544264908216
0.0181421636072
0.0181421636072
0.0153839606477
0.0207720374265
0.00895152134237
0.0181421636072
0.0214664872483
0.0482352314083
0.0184475080693
0.0207720374265
0.0219001608505
0.0482352314083
0.0245300346699
0.0544264908216
0.0715067545444
0.121434171089
0.037414509608
0.0350899802507
0.0245300346699
0.0346563066485
0.012256248656
0.0219001608505
0.0207720374265
0.0346563066485
0.0113206189422
0.0113206189422
0.00925686580449
0.0214664872483
0.00895152134237
0.0181421636072
0.0207720374265
0.0350899802507
0.0113206189422
0.0106903336906
0.00832123609071
0.0113206189422
0.00449907427731
0.00832123609071
0.00925686580449
0.0219001608505
0.00801589162859
0.00832123609071
0.00832123609071
0.0181421636072
0.00895152134237
0.0184475080693
0.0245300346699
0.037414509608
0.012256248656
0.0113206189422
0.00895152134237
0.0113206189422
0.00449907427731
0.00801589162859
0.00895152134237
0.012256248656
0.00449907427731
0.00449907427731
0.00449907427731
0.00895152134237
0.00449907427731
0.00895152134237
0.012256248656
0.0245300346699
0.00895152134237
0.00832123609071
0.00801589162859
0.00925686580449
0.00449907427731
0.00832123609071
0.0113206189422
0.0207720374265
0.00895152134237
0.00925686580449
0.0113206189422
0.0207720374265
0.012256248656
0.0245300346699
0.037414509608
0.0715067545444
0.0245300346699
0.0219001608505
0.0184475080693
0.0214664872483
0.00895152134237
0.0153839606477
0.0181421636072
0.0219001608505
0.00832123609071
0.00801589162859
0.00832123609071
0.0153839606477
0.00801589162859
0.0153839606477
0.0219001608505
0.0245300346699
0.00925686580449
0.00832123609071
0.00832123609071
0.00895152134237
0.00449907427731
0.00801589162859
0.0113206189422
0.0184475080693
0.00832123609071
0.00832123609071
0.0106903336906
0.0181421636072
0.0113206189422
0.0219001608505
0.0350899802507
0.0544264908216
0.0207720374265
0.0181421636072
0.0181421636072
0.0181421636072
0.00895152134237
0.0153839606477
0.0214664872483
0.0207720374265
0.00925686580449
0.00895152134237
0.0113206189422
0.0181421636072
0.0113206189422
0.0214664872483
0.0346563066485
0.0482352314083
0.0207720374265
0.0184475080693
0.0219001608505
0.0207720374265
0.012256248656
0.0219001608505
0.0346563066485
0.0482352314083
0.0245300346699
0.0245300346699
0.0350899802507
0.0544264908216
0.037414509608
0.0715067545444
0.121434171089
0.121434171089
0.0715067545444
0.037414509608
0.0544264908216
0.0350899802507
0.0245300346699
0.0245300346699
0.0482352314083
0.0346563066485
0.0219001608505
0.012256248656
0.0207720374265
0.0219001608505
0.0184475080693
0.0207720374265
0.0482352314083
0.0346563066485
0.0214664872483
0.0113206189422
0.0181421636072
0.0113206189422
0.00895152134237
0.00925686580449
0.0207720374265
0.0214664872483
0.0153839606477
0.00895152134237
0.0181421636072
0.0181421636072
0.0181421636072
0.0207720374265
0.0544264908216
0.0350899802507
0.0219001608505
0.0113206189422
0.0181421636072
0.0106903336906
0.00832123609071
0.00832123609071
0.0184475080693
0.0113206189422
0.00801589162859
0.00449907427731
0.00895152134237
0.00832123609071
0.00832123609071
0.00925686580449
0.0245300346699
0.0219001608505
0.0153839606477
0.00801589162859
0.0153839606477
0.00832123609071
0.00801589162859
0.00832123609071
0.0219001608505
0.0181421636072
0.0153839606477
0.00895152134237
0.0214664872483
0.0184475080693
0.0219001608505
0.0245300346699
0.0715067545444
0.037414509608
0.0245300346699
0.012256248656
0.0207720374265
0.0113206189422
0.00925686580449
0.00895152134237
0.0207720374265
0.0113206189422
0.00832123609071
0.00449907427731
0.00925686580449
0.00801589162859
0.00832123609071
0.00895152134237
0.0245300346699
0.012256248656
0.00895152134237
0.00449907427731
0.00895152134237
0.00449907427731
0.00449907427731
0.00449907427731
0.012256248656
0.00895152134237
0.00801589162859
0.00449907427731
0.0113206189422
0.00895152134237
0.0113206189422
0.012256248656
0.037414509608
0.0245300346699
0.0184475080693
0.00895152134237
0.0181421636072
0.00832123609071
0.00832123609071
0.00801589162859
0.0219001608505
0.00925686580449
0.00832123609071
0.00449907427731
0.0113206189422
0.00832123609071
0.0106903336906
0.0113206189422
0.0350899802507
0.0207720374265
0.0181421636072
0.00895152134237
0.0214664872483
0.00925686580449
0.0113206189422
0.0113206189422
0.0346563066485
0.0207720374265
0.0219001608505
0.012256248656
0.0346563066485
0.0245300346699
0.0350899802507
0.037414509608
0.121434171089
0.0715067545444
0.0544264908216
0.0245300346699
0.0482352314083
0.0219001608505
0.0207720374265
0.0184475080693
0.0482352314083
0.0214664872483
0.0181421636072
0.00895152134237
0.0207720374265
0.0153839606477
0.0181421636072
0.0181421636072
0.0544264908216
0.0219001608505
0.0181421636072
0.00832123609071
0.0184475080693
0.00801589162859
0.00895152134237
0.00832123609071
0.0245300346699
0.0153839606477
0.0153839606477
0.00801589162859
0.0219001608505
0.0153839606477
0.0214664872483
0.0219001608505
0.0715067545444
0.0245300346699
0.0207720374265
0.00925686580449
0.0207720374265
0.00832123609071
0.00925686580449
0.00832123609071
0.0245300346699
0.00895152134237
0.00895152134237
0.00449907427731
0.012256248656
0.00801589162859
0.0113206189422
0.0113206189422
0.037414509608
0.0184475080693
0.0181421636072
0.00832123609071
0.0219001608505
0.00832123609071
0.0113206189422
0.0106903336906
0.0350899802507
0.0181421636072
0.0214664872483
0.0113206189422
0.0346563066485
0.0219001608505
0.0346563066485
0.0350899802507
0.121434171089
0.0544264908216
0.0482352314083
0.0207720374265
0.0482352314083
0.0181421636072
0.0207720374265
0.0181421636072
0.0544264908216
0.0181421636072
0.0184475080693
0.00895152134237
0.0245300346699
0.0153839606477
0.0219001608505
0.0214664872483
0.0715067545444
0.0207720374265
0.0207720374265
0.00925686580449
0.0245300346699
0.00895152134237
0.012256248656
0.0113206189422
0.037414509608
0.0181421636072
0.0219001608505
0.0113206189422
0.0350899802507
0.0214664872483
0.0346563066485
0.0346563066485
0.121434171089
0.0482352314083
0.0482352314083
0.0207720374265
0.0544264908216
0.0184475080693
0.0245300346699
0.0219001608505
0.0715067545444
0.0207720374265
0.0245300346699
0.012256248656
0.037414509608
0.0219001608505
0.0350899802507
0.0346563066485
0.121434171089
0.0482352314083
0.0544264908216
0.0245300346699
0.0715067545444
0.0245300346699
0.037414509608
0.0350899802507
0.121434171089
0.0544264908216
0.0715067545444
0.037414509608
0.121434171089
0.0715067545444
0.121434171089
0.121434171089
0.434117082675
