0.485601976392
0.137905301595
0.137905301595
0.0846218695192
0.137905301595
0.0441178972994
0.0846218695192
0.0693717109132
0.137905301595
0.0413420924508
0.0441178972994
0.031643543542
0.0846218695192
0.031643543542
0.0693717109132
0.0693717109132
0.137905301595
0.0413420924508
0.0413420924508
0.0288677386934
0.0441178972994
0.016088278837
0.031643543542
0.031643543542
0.0846218695192
0.0288677386934
0.031643543542
0.0288677386934
0.0693717109132
0.031643543542
0.0693717109132
0.0846218695192
0.137905301595
0.0441178972994
0.0413420924508
0.031643543542
0.0413420924508
0.016088278837
0.0288677386934
0.031643543542
0.0441178972994
0.016088278837
0.016088278837
0.016088278837
0.031643543542
0.016088278837
0.031643543542
0.0441178972994
0.0846218695192
0.031643543542
0.0288677386934
0.0288677386934
0.031643543542
0.016088278837
0.0288677386934
0.0413420924508
0.0693717109132
0.031643543542
0.031643543542
0.0413420924508
0.0693717109132
0.0441178972994
0.0846218695192
0.137905301595
0.137905301595
0.0846218695192
0.0441178972994
0.0693717109132
0.0413420924508
0.031643543542
0.031643543542
0.0693717109132
0.0413420924508
0.0288677386934
0.016088278837
0.031643543542
0.0288677386934
0.0288677386934
0.031643543542
0.0846218695192
0.0441178972994
0.031643543542
0.016088278837
0.031643543542
0.016088278837
0.016088278837
0.016088278837
0.0441178972994
0.031643543542
0.0288677386934
0.016088278837
0.0413420924508
0.031643543542
0.0413420924508
0.0441178972994
0.137905301595
0.0846218695192
0.0693717109132
0.031643543542
0.0693717109132
0.0288677386934
0.031643543542
0.0288677386934
0.0846218695192
0.031643543542
0.031643543542
0.016088278837
0.0441178972994
0.0288677386934
0.0413420924508
0.0413420924508
0.137905301595
0.0693717109132
0.0693717109132
0.031643543542
0.0846218695192
0.031643543542
0.0441178972994
0.0413420924508
0.137905301595
0.0693717109132
0.0846218695192
0.0441178972994
0.137905301595
0.0846218695192
0.137905301595
0.137905301595
0.485601976392
