-0.41058427581
-0.11434387951
-0.11434387951
-0.0665340357971
-0.11434387951
-0.0348742724359
-0.0665340357971
-0.0495967344725
-0.11434387951
-0.0327502045825
-0.0348742724359
-0.0223460947982
-0.0665340357971
-0.0223460947982
-0.0495967344725
-0.0425651666279
-0.11434387951
-0.0323322928146
-0.0327502045825
-0.0199625374955
-0.0348742724359
-0.0111768899005
-0.0223460947982
-0.0182144974933
-0.0665340357971
-0.0199625374955
-0.0223460947982
-0.0160904296399
-0.0495967344725
-0.0182144974933
-0.0425651666279
-0.040575285463
-0.11434387951
-0.0322466377332
-0.0323322928146
-0.0194643578034
-0.0327502045825
-0.0103079452053
-0.0199625374955
-0.0158084809231
-0.0348742724359
-0.0103079452053
-0.0111768899005
-0.00775426850227
-0.0223460947982
-0.00804589222316
-0.0182144974933
-0.0171328896098
-0.0665340357971
-0.0194643578034
-0.0199625374955
-0.0132665013018
-0.0223460947982
-0.00775426850227
-0.0160904296399
-0.0147493323071
-0.0495967344725
-0.0158084809231
-0.0182144974933
-0.0147493323071
-0.0425651666279
-0.0171328896098
-0.040575285463
-0.0425651666279
-0.11434387951
-0.0323322928146
-0.0322466377332
-0.0194643578034
-0.0323322928146
-0.0101694121888
-0.0194643578034
-0.0153905691551
-0.0327502045825
-0.00964348919704
-0.0103079452053
-0.00705859046172
-0.0199625374955
-0.00711318400088
-0.0158084809231
-0.0147493323071
-0.0348742724359
-0.0101694121888
-0.0103079452053
-0.00676696674083
-0.0111768899005
-0.00383203954414
-0.00775426850227
-0.0070285654679
-0.0223460947982
-0.00711318400088
-0.00804589222316
-0.00650264247613
-0.0182144974933
-0.0073706793807
-0.0171328896098
-0.0182144974933
-0.0665340357971
-0.0194643578034
-0.0194643578034
-0.0127629344525
-0.0199625374955
-0.00676696674083
-0.0132665013018
-0.0118675953123
-0.0223460947982
-0.00705859046172
-0.00775426850227
-0.00615962077267
-0.0160904296399
-0.00650264247613
-0.0147493323071
-0.0158084809231
-0.0495967344725
-0.0153905691551
-0.0158084809231
-0.0118675953123
-0.0182144974933
-0.0070285654679
-0.0147493323071
-0.0153905691551
-0.0425651666279
-0.0147493323071
-0.0171328896098
-0.0158084809231
-0.040575285463
-0.0182144974933
-0.0425651666279
-0.0495967344725
-0.11434387951
-0.0327502045825
-0.0323322928146
-0.0199625374955
-0.0322466377332
-0.0103079452053
-0.0194643578034
-0.0158084809231
-0.0323322928146
-0.00964348919704
-0.0101694121888
-0.00711318400088
-0.0194643578034
-0.00705859046172
-0.0153905691551
-0.0147493323071
-0.0327502045825
-0.00964348919704
-0.00964348919704
-0.00641750596032
-0.0103079452053
-0.00356682273686
-0.00705859046172
-0.00650264247613
-0.0199625374955
-0.00641750596032
-0.00711318400088
-0.00583727867724
-0.0158084809231
-0.00650264247613
-0.0147493323071
-0.0160904296399
-0.0348742724359
-0.0103079452053
-0.0101694121888
-0.00676696674083
-0.0103079452053
-0.00352986913988
-0.00676696674083
-0.00615962077267
-0.0111768899005
-0.00356682273686
-0.00383203954414
-0.00309112867962
-0.00775426850227
-0.00318930979558
-0.0070285654679
-0.00775426850227
-0.0223460947982
-0.00705859046172
-0.00711318400088
-0.00549516476444
-0.00804589222316
-0.00318930979558
-0.00650264247613
-0.00705859046172
-0.0182144974933
-0.00650264247613
-0.0073706793807
-0.00711318400088
-0.0171328896098
-0.00804589222316
-0.0182144974933
-0.0223460947982
-0.0665340357971
-0.0199625374955
-0.0194643578034
-0.0132665013018
-0.0194643578034
-0.00676696674083
-0.0127629344525
-0.0118675953123
-0.0199625374955
-0.00641750596032
-0.00676696674083
-0.00549516476444
-0.0132665013018
-0.00549516476444
-0.0118675953123
-0.0132665013018
-0.0223460947982
-0.00711318400088
-0.00705859046172
-0.00549516476444
-0.00775426850227
-0.00309112867962
-0.00615962077267
-0.00676696674083
-0.0160904296399
-0.00583727867724
-0.00650264247613
-0.00641750596032
-0.0147493323071
-0.00711318400088
-0.0158084809231
-0.0199625374956
-0.0495967344725
-0.0158084809231
-0.0153905691551
-0.0118675953123
-0.0158084809231
-0.00615962077267
-0.0118675953123
-0.0127629344525
-0.0182144974933
-0.00650264247613
-0.0070285654679
-0.00676696674083
-0.0147493323071
-0.00705859046172
-0.0153905691551
-0.0194643578034
-0.0425651666279
-0.0147493323071
-0.0147493323071
-0.0132665013018
-0.0171328896098
-0.00775426850227
-0.0158084809231
-0.0194643578034
-0.040575285463
-0.0160904296399
-0.0182144974933
-0.0199625374956
-0.0425651666279
-0.0223460947982
-0.0495967344725
-0.0665340357971
-0.11434387951
-0.0348742724359
-0.0327502045825
-0.0223460947982
-0.0323322928146
-0.0111768899005
-0.0199625374955
-0.0182144974933
-0.0322466377332
-0.0103079452053
-0.0103079452053
-0.00804589222316
-0.0194643578034
-0.00775426850227
-0.0158084809231
-0.0171328896098
-0.0323322928146
-0.0101694121888
-0.00964348919704
-0.00711318400088
-0.0101694121888
-0.00383203954414
-0.00711318400088
-0.0073706793807
-0.0194643578034
-0.00676696674083
-0.00705859046172
-0.00650264247613
-0.0153905691551
-0.0070285654679
-0.0147493323071
-0.0182144974933
-0.0327502045825
-0.0103079452053
-0.00964348919704
-0.00705859046172
-0.00964348919704
-0.00356682273686
-0.00641750596032
-0.00650264247613
-0.0103079452053
-0.00352986913988
-0.00356682273686
-0.00318930979558
-0.00705859046172
-0.00318930979558
-0.00650264247613
-0.00804589222316
-0.0199625374955
-0.00676696674083
-0.00641750596032
-0.00549516476444
-0.00711318400088
-0.00309112867962
-0.00583727867724
-0.00711318400088
-0.0158084809231
-0.00615962077267
-0.00650264247613
-0.00705859046172
-0.0147493323071
-0.00775426850227
-0.0160904296399
-0.0223460947982
-0.0348742724359
-0.0111768899005
-0.0103079452053
-0.00775426850227
-0.0101694121888
-0.00383203954414
-0.00676696674083
-0.0070285654679
-0.0103079452053
-0.00356682273686
-0.00352986913988
-0.00318930979558
-0.00676696674083
-0.00309112867962
-0.00615962077267
-0.00775426850227
-0.0111768899005
-0.00383203954414
-0.00356682273686
-0.00309112867962
-0.00383203954414
-0.00168183246823
-0.00309112867962
-0.00383203954414
-0.00775426850227
-0.00309112867962
-0.00318930979558
-0.00356682273686
-0.0070285654679
-0.00383203954414
-0.00775426850227
-0.0111768899005
-0.0223460947982
-0.00775426850227
-0.00705859046172
-0.00615962077267
-0.00711318400088
-0.00309112867962
-0.00549516476444
-0.00676696674083
-0.00804589222316
-0.00318930979558
-0.00318930979558
-0.00352986913988
-0.00650264247613
-0.00356682273686
-0.00705859046172
-0.0103079452053
-0.0182144974933
-0.0070285654679
-0.00650264247613
-0.00676696674083
-0.0073706793807
-0.00383203954414
-0.00711318400088
-0.0101694121888
-0.0171328896098
-0.00775426850227
-0.00804589222316
-0.0103079452053
-0.0182144974933
-0.0111768899005
-0.0223460947982
-0.0348742724359
-0.0665340357971
-0.0223460947982
-0.0199625374955
-0.0160904296399
-0.0194643578034
-0.00775426850227
-0.0132665013018
-0.0147493323071
-0.0194643578034
-0.00705859046172
-0.00676696674083
-0.00650264247613
-0.0127629344525
-0.00615962077267
-0.0118675953123
-0.0158084809231
-0.0199625374955
-0.00711318400088
-0.00641750596032
-0.00583727867724
-0.00676696674083
-0.00309112867962
-0.00549516476444
-0.00711318400088
-0.0132665013018
-0.00549516476444
-0.00549516476444
-0.00641750596032
-0.0118675953123
-0.00676696674083
-0.0132665013018
-0.0199625374956
-0.0223460947982
-0.00804589222316
-0.00711318400088
-0.00650264247613
-0.00705859046172
-0.00318930979558
-0.00549516476444
-0.00705859046172
-0.00775426850227
-0.00318930979558
-0.00309112867962
-0.00356682273686
-0.00615962077267
-0.00352986913988
-0.00676696674083
-0.0103079452053
-0.0160904296399
-0.00650264247613
-0.00583727867724
-0.00641750596032
-0.00650264247613
-0.00356682273686
-0.00641750596032
-0.00964348919704
-0.0147493323071
-0.00705859046172
-0.00711318400088
-0.00964348919704
-0.0158084809231
-0.0103079452053
-0.0199625374956
-0.0327502045825
-0.0495967344725
-0.0182144974933
-0.0158084809231
-0.0147493323071
-0.0153905691551
-0.0070285654679
-0.0118675953123
-0.0153905691551
-0.0158084809231
-0.00650264247613
-0.00615962077267
-0.00705859046172
-0.0118675953123
-0.00676696674083
-0.0127629344525
-0.0194643578034
-0.0182144974933
-0.0073706793807
-0.00650264247613
-0.00711318400088
-0.0070285654679
-0.00383203954414
-0.00676696674083
-0.0101694121888
-0.0147493323071
-0.00711318400088
-0.00705859046172
-0.00964348919704
-0.0153905691551
-0.0101694121888
-0.0194643578034
-0.0323322928146
-0.0425651666279
-0.0171328896098
-0.0147493323071
-0.0158084809231
-0.0147493323071
-0.00775426850227
-0.0132665013018
-0.0194643578034
-0.0171328896098
-0.00804589222316
-0.00775426850227
-0.0103079452053
-0.0158084809231
-0.0103079452053
-0.0194643578034
-0.0322466377332
-0.040575285463
-0.0182144974933
-0.0160904296399
-0.0199625374956
-0.0182144974933
-0.0111768899005
-0.0199625374956
-0.0323322928146
-0.0425651666279
-0.0223460947982
-0.0223460947982
-0.0327502045825
-0.0495967344725
-0.0348742724359
-0.0665340357971
-0.11434387951
-0.11434387951
-0.0665340357971
-0.0348742724359
-0.0495967344725
-0.0327502045825
-0.0223460947982
-0.0223460947982
-0.0425651666279
-0.0323322928146
-0.0199625374955
-0.0111768899005
-0.0182144974933
-0.0199625374955
-0.0160904296399
-0.0182144974933
-0.040575285463
-0.0322466377332
-0.0194643578034
-0.0103079452053
-0.0158084809231
-0.0103079452053
-0.00775426850227
-0.00804589222316
-0.0171328896098
-0.0194643578034
-0.0132665013018
-0.00775426850227
-0.0147493323071
-0.0158084809231
-0.0147493323071
-0.0171328896098
-0.0425651666279
-0.0323322928146
-0.0194643578034
-0.0101694121888
-0.0153905691551
-0.00964348919704
-0.00705859046172
-0.00711318400088
-0.0147493323071
-0.0101694121888
-0.00676696674083
-0.00383203954414
-0.0070285654679
-0.00711318400088
-0.00650264247613
-0.0073706793807
-0.0182144974933
-0.0194643578034
-0.0127629344525
-0.00676696674083
-0.0118675953123
-0.00705859046172
-0.00615962077267
-0.00650264247613
-0.0158084809231
-0.0153905691551
-0.0118675953123
-0.0070285654679
-0.0153905691551
-0.0147493323071
-0.0158084809231
-0.0182144974933
-0.0495967344725
-0.0327502045825
-0.0199625374955
-0.0103079452053
-0.0158084809231
-0.00964348919704
-0.00711318400088
-0.00705859046172
-0.0147493323071
-0.00964348919704
-0.00641750596032
-0.00356682273686
-0.00650264247613
-0.00641750596032
-0.00583727867724
-0.00650264247613
-0.0160904296399
-0.0103079452053
-0.00676696674083
-0.00352986913988
-0.00615962077267
-0.00356682273686
-0.00309112867962
-0.00318930979558
-0.00775426850227
-0.00705859046172
-0.00549516476444
-0.00318930979558
-0.00705859046172
-0.00650264247613
-0.00711318400088
-0.00804589222316
-0.0223460947982
-0.0199625374955
-0.0132665013018
-0.00676696674083
-0.0118675953123
-0.00641750596032
-0.00549516476444
-0.00549516476444
-0.0132665013018
-0.00711318400088
-0.00549516476444
-0.00309112867962
-0.00676696674083
-0.00583727867724
-0.00641750596032
-0.00711318400088
-0.0199625374956
-0.0158084809231
-0.0118675953123
-0.00615962077267
-0.0127629344525
-0.00650264247613
-0.00676696674083
-0.00705859046172
-0.0194643578034
-0.0147493323071
-0.0132665013018
-0.00775426850227
-0.0194643578034
-0.0160904296399
-0.0199625374956
-0.0223460947982
-0.0665340357971
-0.0348742724359
-0.0223460947982
-0.0111768899005
-0.0182144974933
-0.0103079452053
-0.00804589222316
-0.00775426850227
-0.0171328896098
-0.0101694121888
-0.00711318400088
-0.00383203954414
-0.0073706793807
-0.00676696674083
-0.00650264247613
-0.0070285654679
-0.0182144974933
-0.0103079452053
-0.00705859046172
-0.00356682273686
-0.00650264247613
-0.00352986913988
-0.00318930979558
-0.00318930979558
-0.00804589222316
-0.00676696674083
-0.00549516476444
-0.00309112867962
-0.00711318400088
-0.00615962077267
-0.00705859046172
-0.00775426850227
-0.0223460947982
-0.0111768899005
-0.00775426850227
-0.00383203954414
-0.0070285654679
-0.00356682273686
-0.00318930979558
-0.00309112867962
-0.00775426850227
-0.00383203954414
-0.00309112867962
-0.00168183246823
-0.00383203954414
-0.00309112867962
-0.00356682273686
-0.00383203954414
-0.0111768899005
-0.00775426850227
-0.00615962077267
-0.00309112867962
-0.00676696674083
-0.00318930979558
-0.00352986913988
-0.00356682273686
-0.0103079452053
-0.0070285654679
-0.00676696674083
-0.00383203954414
-0.0101694121888
-0.00775426850227
-0.0103079452053
-0.0111768899005
-0.0348742724359
-0.0223460947982
-0.0160904296399
-0.00775426850227
-0.0147493323071
-0.00705859046172
-0.00650264247613
-0.00615962077267
-0.0158084809231
-0.00711318400088
-0.00583727867724
-0.00309112867962
-0.00711318400088
-0.00549516476444
-0.00641750596032
-0.00676696674083
-0.0199625374956
-0.00804589222316
-0.00650264247613
-0.00318930979558
-0.00705859046172
-0.00318930979558
-0.00356682273686
-0.00352986913988
-0.0103079452053
-0.00650264247613
-0.00641750596032
-0.00356682273686
-0.00964348919704
-0.00705859046172
-0.00964348919704
-0.0103079452053
-0.0327502045825
-0.0182144974933
-0.0147493323071
-0.0070285654679
-0.0153905691551
-0.00650264247613
-0.00705859046172
-0.00676696674083
-0.0194643578034
-0.0073706793807
-0.00711318400088
-0.00383203954414
-0.0101694121888
-0.00711318400088
-0.00964348919704
-0.0101694121888
-0.0323322928146
-0.0171328896098
-0.0158084809231
-0.00775426850227
-0.0194643578034
-0.00804589222316
-0.0103079452053
-0.0103079452053
-0.0322466377332
-0.0182144974933
-0.0199625374956
-0.0111768899005
-0.0323322928146
-0.0223460947982
-0.0327502045825
-0.0348742724359
-0.11434387951
-0.0665340357971
-0.0495967344725
-0.0223460947982
-0.0425651666279
-0.0199625374955
-0.0182144974933
-0.0160904296399
-0.040575285463
-0.0194643578034
-0.0158084809231
-0.00775426850227
-0.0171328896098
-0.0132665013018
-0.0147493323071
-0.0147493323071
-0.0425651666279
-0.0194643578034
-0.0153905691551
-0.00705859046172
-0.0147493323071
-0.00676696674083
-0.0070285654679
-0.00650264247613
-0.0182144974933
-0.0127629344525
-0.0118675953123
-0.00615962077267
-0.0158084809231
-0.0118675953123
-0.0153905691551
-0.0158084809231
-0.0495967344725
-0.0199625374955
-0.0158084809231
-0.00711318400088
-0.0147493323071
-0.00641750596032
-0.00650264247613
-0.00583727867724
-0.0160904296399
-0.00676696674083
-0.00615962077267
-0.00309112867962
-0.00775426850227
-0.00549516476444
-0.00705859046172
-0.00711318400088
-0.0223460947982
-0.0132665013018
-0.0118675953123
-0.00549516476444
-0.0132665013018
-0.00549516476444
-0.00676696674083
-0.00641750596032
-0.0199625374956
-0.0118675953123
-0.0127629344525
-0.00676696674083
-0.0194643578034
-0.0132665013018
-0.0194643578034
-0.0199625374956
-0.0665340357971
-0.0223460947982
-0.0182144974933
-0.00804589222316
-0.0171328896098
-0.00711318400088
-0.0073706793807
-0.00650264247613
-0.0182144974933
-0.00705859046172
-0.00650264247613
-0.00318930979558
-0.00804589222316
-0.00549516476444
-0.00711318400088
-0.00705859046172
-0.0223460947982
-0.00775426850227
-0.0070285654679
-0.00318930979558
-0.00775426850227
-0.00309112867962
-0.00383203954414
-0.00356682273686
-0.0111768899005
-0.00615962077267
-0.00676696674083
-0.00352986913988
-0.0103079452053
-0.00676696674083
-0.0101694121888
-0.0103079452053
-0.0348742724359
-0.0160904296399
-0.0147493323071
-0.00650264247613
-0.0158084809231
-0.00583727867724
-0.00711318400088
-0.00641750596032
-0.0199625374956
-0.00650264247613
-0.00705859046172
-0.00356682273686
-0.0103079452053
-0.00641750596032
-0.00964348919704
-0.00964348919704
-0.0327502045825
-0.0147493323071
-0.0153905691551
-0.00705859046172
-0.0194643578034
-0.00711318400088
-0.0101694121888
-0.00964348919704
-0.0323322928146
-0.0158084809231
-0.0194643578034
-0.0103079452053
-0.0322466377332
-0.0199625374956
-0.0323322928146
-0.0327502045825
-0.11434387951
-0.0495967344725
-0.0425651666279
-0.0182144974933
-0.040575285463
-0.0158084809231
-0.0171328896098
-0.0147493323071
-0.0425651666279
-0.0153905691551
-0.0147493323071
-0.0070285654679
-0.0182144974933
-0.0118675953123
-0.0158084809231
-0.0153905691551
-0.0495967344725
-0.0158084809231
-0.0147493323071
-0.00650264247613
-0.0160904296399
-0.00615962077267
-0.00775426850227
-0.00705859046172
-0.0223460947982
-0.0118675953123
-0.0132665013018
-0.00676696674083
-0.0199625374956
-0.0127629344525
-0.0194643578034
-0.0194643578034
-0.0665340357971
-0.0182144974933
-0.0171328896098
-0.0073706793807
-0.0182144974933
-0.00650264247613
-0.00804589222316
-0.00711318400088
-0.0223460947982
-0.0070285654679
-0.00775426850227
-0.00383203954414
-0.0111768899005
-0.00676696674083
-0.0103079452053
-0.0101694121888
-0.0348742724359
-0.0147493323071
-0.0158084809231
-0.00711318400088
-0.0199625374956
-0.00705859046172
-0.0103079452053
-0.00964348919704
-0.0327502045825
-0.0153905691551
-0.0194643578034
-0.0101694121888
-0.0323322928146
-0.0194643578034
-0.0322466377332
-0.0323322928146
-0.11434387951
-0.0425651666279
-0.040575285463
-0.0171328896098
-0.0425651666279
-0.0147493323071
-0.0182144974933
-0.0158084809231
-0.0495967344725
-0.0147493323071
-0.0160904296399
-0.00775426850227
-0.0223460947982
-0.0132665013018
-0.0199625374956
-0.0194643578034
-0.0665340357971
-0.0171328896098
-0.0182144974933
-0.00804589222316
-0.0223460947982
-0.00775426850227
-0.0111768899005
-0.0103079452053
-0.0348742724359
-0.0158084809231
-0.0199625374956
-0.0103079452053
-0.0327502045825
-0.0194643578034
-0.0323322928146
-0.0322466377332
-0.11434387951
-0.040575285463
-0.0425651666279
-0.0182144974933
-0.0495967344725
-0.0160904296399
-0.0223460947982
-0.0199625374956
-0.0665340357971
-0.0182144974933
-0.0223460947982
-0.0111768899005
-0.0348742724359
-0.0199625374956
-0.0327502045825
-0.0323322928146
-0.11434387951
-0.0425651666279
-0.0495967344725
-0.0223460947982
-0.0665340357971
-0.0223460947982
-0.0348742724359
-0.0327502045825
-0.11434387951
-0.0495967344725
-0.0665340357971
-0.0348742724359
-0.11434387951
-0.0665340357971
-0.11434387951
-0.11434387951
-0.41058427581
