0.367407946276
0.101728988397
0.101728988397
0.0582848834715
0.101728988397
0.0306340864448
0.0582848834715
0.0423040415076
0.101728988397
0.0288294370388
0.0306340864448
0.0190848885641
0.0582848834715
0.0190848885641
0.0423040415076
0.0348805553206
0.101728988397
0.0284709514314
0.0288294370388
0.0171030101831
0.0306340864448
0.00958012767578
0.0190848885641
0.0148738302707
0.0582848834715
0.0171030101831
0.0190848885641
0.0130691808648
0.0423040415076
0.0148738302707
0.0348805553206
0.0313993605752
0.101728988397
0.0283662061772
0.0284709514314
0.0166532648656
0.0288294370388
0.00885347665395
0.0171030101831
0.01291472216
0.0306340864448
0.00885347665395
0.00958012767578
0.0062999006989
0.0190848885641
0.00654856278608
0.0148738302707
0.0130838837531
0.0582848834715
0.0166532648656
0.0171030101831
0.0107515871466
0.0190848885641
0.0062999006989
0.0130691808648
0.0111020053721
0.0423040415076
0.01291472216
0.0148738302707
0.0111020053721
0.0348805553206
0.0130838837531
0.0313993605752
0.0303636885851
0.101728988397
0.0283411217582
0.0283662061772
0.0165241090271
0.0284709514314
0.00869727089376
0.0166532648656
0.0124460151929
0.0288294370388
0.008275775659
0.00885347665395
0.00570892788386
0.0171030101831
0.00577410716192
0.01291472216
0.0111428317731
0.0306340864448
0.00869727089376
0.00885347665395
0.00546026579668
0.00958012767578
0.0031056030063
0.0062999006989
0.00522003722153
0.0190848885641
0.00577410716192
0.00654856278608
0.00479854198677
0.0148738302707
0.00552384058433
0.0130838837531
0.0125710572434
0.0582848834715
0.0165241090271
0.0166532648656
0.0101781349253
0.0171030101831
0.00546026579668
0.0107515871466
0.0087112080746
0.0190848885641
0.00570892788386
0.0062999006989
0.0044933861997
0.0130691808648
0.00479854198677
0.0111020053721
0.0106119491327
0.0423040415076
0.0124460151929
0.01291472216
0.0087112080746
0.0148738302707
0.00522003722153
0.0111020053721
0.0102534635253
0.0348805553206
0.0111428317731
0.0130838837531
0.0106119491327
0.0313993605752
0.0125710572434
0.0303636885851
0.0313993605752
0.101728988397
0.0283662061772
0.0283411217582
0.0165241090271
0.0283662061772
0.00866381275994
0.0165241090271
0.0123412699387
0.0284709514314
0.00816588255445
0.00869727089376
0.00558598854186
0.0166532648656
0.00560100623123
0.0124460151929
0.0106930864556
0.0288294370388
0.00816588255445
0.008275775659
0.00506253063136
0.00885347665395
0.00284569966263
0.00570892788386
0.00466966391754
0.0171030101831
0.00514095176811
0.00577410716192
0.00417038128778
0.01291472216
0.00474762262451
0.0111428317731
0.0106119491327
0.0306340864448
0.00866381275994
0.00869727089376
0.00527214717662
0.00885347665395
0.00280331025325
0.00546026579668
0.00436450813047
0.00958012767578
0.00284569966263
0.0031056030063
0.00217804323088
0.0062999006989
0.00228502461692
0.00522003722153
0.00493709884463
0.0190848885641
0.00560100623123
0.00577410716192
0.00386657792498
0.00654856278608
0.00228502461692
0.00479854198677
0.00441364093413
0.0148738302707
0.00474762262451
0.00552384058433
0.00447704438151
0.0130838837531
0.0052514683828
0.0125710572434
0.0130838837531
0.0582848834715
0.0165241090271
0.0165241090271
0.0100483052522
0.0166532648656
0.00527214717662
0.0101781349253
0.00813230691863
0.0171030101831
0.00506253063136
0.00546026579668
0.00378680713552
0.0107515871466
0.00386657792498
0.0087112080746
0.00818413405483
0.0190848885641
0.00558598854186
0.00570892788386
0.00378680713552
0.0062999006989
0.00217804323088
0.0044933861997
0.00409746394241
0.0130691808648
0.00417038128778
0.00479854198677
0.00388784739715
0.0111020053721
0.00447704438151
0.0106119491327
0.0111428317731
0.0423040415076
0.0123412699387
0.0124460151929
0.00813230691863
0.01291472216
0.00436450813047
0.0087112080746
0.00772090319325
0.0148738302707
0.00466966391754
0.00522003722153
0.00409746394241
0.0111020053721
0.00441364093413
0.0102534635253
0.0106930864556
0.0348805553206
0.0106930864556
0.0111428317731
0.00818413405483
0.0130838837531
0.00493709884463
0.0106119491327
0.0106930864556
0.0313993605752
0.0106119491327
0.0125710572434
0.0111428317731
0.0303636885851
0.0130838837531
0.0313993605752
0.0348805553206
0.101728988397
0.0284709514314
0.0283662061772
0.0166532648656
0.0283411217582
0.00869727089376
0.0165241090271
0.0124460151929
0.0283662061772
0.00816588255445
0.00866381275994
0.00560100623123
0.0165241090271
0.00558598854186
0.0123412699387
0.0106930864556
0.0284709514314
0.00808809515945
0.00816588255445
0.00501801242611
0.00869727089376
0.00280322627367
0.00558598854186
0.00459187652254
0.0166532648656
0.00501801242611
0.00560100623123
0.00406002852502
0.0124460151929
0.00459187652254
0.0106930864556
0.0102534635253
0.0288294370388
0.00816588255445
0.00816588255445
0.00495460897873
0.008275775659
0.00261918526607
0.00506253063136
0.00404285564283
0.00885347665395
0.00262793427976
0.00284569966263
0.00198794883667
0.00570892788386
0.00206467262137
0.00466966391754
0.00441364093413
0.0171030101831
0.00501801242611
0.00514095176811
0.00343186782603
0.00577410716192
0.00200874091096
0.00417038128778
0.00383064712901
0.01291472216
0.00411946192552
0.00474762262451
0.00384385736483
0.0111428317731
0.00447704438151
0.0106119491327
0.0111020053721
0.0306340864448
0.00869727089376
0.00866381275994
0.00527214717662
0.00869727089376
0.00275206277402
0.00527214717662
0.00420830237028
0.00885347665395
0.00261918526607
0.00280331025325
0.00193689916105
0.00546026579668
0.0019579086213
0.00436450813047
0.00409746394241
0.00958012767578
0.00280322627367
0.00284569966263
0.00188096745063
0.0031056030063
0.001069836006
0.00217804323088
0.00198203840138
0.0062999006989
0.00200874091096
0.00228502461692
0.00184913581685
0.00522003722153
0.00210864427965
0.00493709884463
0.00522003722153
0.0190848885641
0.00558598854186
0.00560100623123
0.00367691403097
0.00577410716192
0.0019579086213
0.00386657792498
0.00345106668991
0.00654856278608
0.00206467262137
0.00228502461692
0.00180674640747
0.00479854198677
0.00192460327205
0.00441364093413
0.00466966391754
0.0148738302707
0.00459187652254
0.00474762262451
0.00352948782666
0.00552384058433
0.00210864427965
0.00447704438151
0.00459187652254
0.0130838837531
0.00447704438151
0.0052514683828
0.00474762262451
0.0125710572434
0.00552384058433
0.0130838837531
0.0148738302707
0.0582848834715
0.0166532648656
0.0165241090271
0.0101781349253
0.0165241090271
0.00527214717662
0.0100483052522
0.00813230691863
0.0166532648656
0.00495460897873
0.00527214717662
0.00367691403097
0.0101781349253
0.00367691403097
0.00813230691863
0.00772090319325
0.0171030101831
0.00501801242611
0.00506253063136
0.00335390911906
0.00546026579668
0.00188096745063
0.00378680713552
0.00345106668991
0.0107515871466
0.00343186782603
0.00386657792498
0.00313175266134
0.0087112080746
0.00352948782666
0.00818413405483
0.00871120807459
0.0190848885641
0.00560100623123
0.00558598854186
0.00367691403097
0.00570892788386
0.00193689916105
0.00378680713552
0.00338588741185
0.0062999006989
0.00198794883667
0.00217804323088
0.00172213505771
0.0044933861997
0.00180674640747
0.00409746394241
0.00436450813047
0.0130691808648
0.00406002852502
0.00417038128778
0.00313175266134
0.00479854198677
0.00184913581685
0.00388784739715
0.00404285564283
0.0111020053721
0.00384385736483
0.00447704438151
0.00411946192552
0.0106119491327
0.00474762262451
0.0111428317731
0.01291472216
0.0423040415076
0.0124460151929
0.0123412699387
0.00813230691863
0.0124460151929
0.00420830237028
0.00813230691863
0.0072325879127
0.01291472216
0.00404285564283
0.00436450813047
0.00338588741185
0.0087112080746
0.00345106668991
0.00772090319325
0.00813230691863
0.0148738302707
0.00459187652254
0.00466966391754
0.00345106668991
0.00522003722153
0.00198203840138
0.00409746394241
0.00420830237028
0.0111020053721
0.00383064712901
0.00441364093413
0.00404285564283
0.0102534635253
0.00459187652254
0.0106930864556
0.0124460151929
0.0348805553206
0.0106930864556
0.0106930864556
0.00772090319325
0.0111428317731
0.00409746394241
0.00818413405483
0.00813230691863
0.0130838837531
0.00441364093413
0.00493709884463
0.00436450813047
0.0106119491327
0.00466966391754
0.0106930864556
0.0123412699387
0.0313993605752
0.0102534635253
0.0106119491327
0.00871120807459
0.0125710572434
0.00522003722153
0.0111428317731
0.0124460151929
0.0303636885851
0.0111020053721
0.0130838837531
0.01291472216
0.0313993605752
0.0148738302707
0.0348805553206
0.0423040415076
0.101728988397
0.0288294370388
0.0284709514314
0.0171030101831
0.0283662061772
0.00885347665395
0.0166532648656
0.01291472216
0.0283411217582
0.008275775659
0.00869727089376
0.00577410716192
0.0165241090271
0.00570892788386
0.0124460151929
0.0111428317731
0.0283662061772
0.00816588255445
0.00816588255445
0.00514095176811
0.00866381275994
0.00284569966263
0.00560100623123
0.00474762262451
0.0165241090271
0.00506253063136
0.00558598854186
0.00417038128778
0.0123412699387
0.00466966391754
0.0106930864556
0.0106119491327
0.0284709514314
0.00816588255445
0.00808809515945
0.00501801242611
0.00816588255445
0.00262793427976
0.00501801242611
0.00411946192552
0.00869727089376
0.00261918526607
0.00280322627367
0.00200874091096
0.00558598854186
0.00206467262137
0.00459187652254
0.00447704438151
0.0166532648656
0.00495460897873
0.00501801242611
0.00343186782603
0.00560100623123
0.00198794883667
0.00406002852502
0.00384385736483
0.0124460151929
0.00404285564283
0.00459187652254
0.00383064712901
0.0106930864556
0.00441364093413
0.0102534635253
0.0111020053721
0.0288294370388
0.008275775659
0.00816588255445
0.00506253063136
0.00816588255445
0.00261918526607
0.00495460897873
0.00404285564283
0.008275775659
0.00247686226183
0.00261918526607
0.0018445380118
0.00506253063136
0.0018445380118
0.00404285564283
0.00388784739715
0.00885347665395
0.00261918526607
0.00262793427976
0.00176759684113
0.00284569966263
0.000993838950388
0.00198794883667
0.00184913581685
0.00570892788386
0.0018445380118
0.00206467262137
0.00170683788919
0.00466966391754
0.00192460327205
0.00441364093413
0.00479854198677
0.0171030101831
0.00506253063136
0.00501801242611
0.00335390911906
0.00514095176811
0.00176759684113
0.00343186782603
0.00313175266134
0.00577410716192
0.0018445380118
0.00200874091096
0.00162222653943
0.00417038128778
0.00170683788919
0.00383064712901
0.00417038128778
0.01291472216
0.00404285564283
0.00411946192552
0.00313175266134
0.00474762262451
0.00184913581685
0.00384385736483
0.00406002852502
0.0111428317731
0.00388784739715
0.00447704438151
0.00417038128778
0.0106119491327
0.00479854198677
0.0111020053721
0.0130691808648
0.0306340864448
0.00885347665395
0.00869727089376
0.00546026579668
0.00866381275994
0.00280331025325
0.00527214717662
0.00436450813047
0.00869727089376
0.00261918526607
0.00275206277402
0.0019579086213
0.00527214717662
0.00193689916105
0.00420830237028
0.00409746394241
0.00885347665395
0.00262793427976
0.00261918526607
0.00176759684113
0.00280331025325
0.000979893230844
0.00193689916105
0.00180674640747
0.00546026579668
0.00176759684113
0.0019579086213
0.00162222653943
0.00436450813047
0.00180674640747
0.00409746394241
0.0044933861997
0.00958012767578
0.00284569966263
0.00280322627367
0.00188096745063
0.00284569966263
0.000979893230844
0.00188096745063
0.00172213505771
0.0031056030063
0.000993838950388
0.001069836006
0.000865198328471
0.00217804323088
0.00089512952944
0.00198203840138
0.00217804323088
0.0062999006989
0.00198794883667
0.00200874091096
0.00154675908423
0.00228502461692
0.000900906035612
0.00184913581685
0.00198794883667
0.00522003722153
0.00184913581685
0.00210864427965
0.00200874091096
0.00493709884463
0.00228502461692
0.00522003722153
0.0062999006989
0.0190848885641
0.00570892788386
0.00558598854186
0.00378680713552
0.00560100623123
0.00193689916105
0.00367691403097
0.00338588741185
0.00577410716192
0.0018445380118
0.0019579086213
0.00157106303978
0.00386657792498
0.00158023201092
0.00345106668991
0.00378680713552
0.00654856278608
0.00206467262137
0.00206467262137
0.00158023201092
0.00228502461692
0.00089512952944
0.00180674640747
0.00193689916105
0.00479854198677
0.00170683788919
0.00192460327205
0.0018445380118
0.00441364093413
0.00206467262137
0.00466966391754
0.00570892788386
0.0148738302707
0.00466966391754
0.00459187652254
0.00345106668991
0.00474762262451
0.00180674640747
0.00352948782666
0.00367691403097
0.00552384058433
0.00192460327205
0.00210864427965
0.0019579086213
0.00447704438151
0.00206467262137
0.00459187652254
0.00558598854186
0.0130838837531
0.00441364093413
0.00447704438151
0.00386657792498
0.0052514683828
0.00228502461692
0.00474762262451
0.00560100623123
0.0125710572434
0.00479854198677
0.00552384058433
0.00577410716192
0.0130838837531
0.00654856278608
0.0148738302707
0.0190848885641
0.0582848834715
0.0171030101831
0.0166532648656
0.0107515871466
0.0165241090271
0.00546026579668
0.0101781349253
0.0087112080746
0.0165241090271
0.00506253063136
0.00527214717662
0.00386657792498
0.0100483052522
0.00378680713552
0.00813230691863
0.00818413405483
0.0166532648656
0.00501801242611
0.00495460897873
0.00343186782603
0.00527214717662
0.00188096745063
0.00367691403097
0.00352948782666
0.0101781349253
0.00335390911906
0.00367691403097
0.00313175266134
0.00813230691863
0.00345106668991
0.00772090319325
0.00871120807459
0.0171030101831
0.00514095176811
0.00501801242611
0.00343186782603
0.00506253063136
0.00176759684113
0.00335390911906
0.00313175266134
0.00546026579668
0.00176759684113
0.00188096745063
0.00154675908423
0.00378680713552
0.00158023201092
0.00345106668991
0.00386657792498
0.0107515871466
0.00343186782603
0.00343186782603
0.00268769183721
0.00386657792498
0.00154675908423
0.00313175266134
0.00343186782603
0.0087112080746
0.00313175266134
0.00352948782666
0.00343186782603
0.00818413405483
0.00386657792498
0.00871120807459
0.0107515871466
0.0190848885641
0.00577410716192
0.00560100623123
0.00386657792498
0.00558598854186
0.0019579086213
0.00367691403097
0.00345106668991
0.00570892788386
0.0018445380118
0.00193689916105
0.00158023201092
0.00378680713552
0.00157106303978
0.00338588741185
0.00378680713552
0.0062999006989
0.00200874091096
0.00198794883667
0.00154675908423
0.00217804323088
0.000865198328471
0.00172213505771
0.00188096745063
0.0044933861997
0.00162222653943
0.00180674640747
0.00176759684113
0.00409746394241
0.0019579086213
0.00436450813047
0.00546026579668
0.0130691808648
0.00417038128778
0.00406002852502
0.00313175266134
0.00417038128778
0.00162222653943
0.00313175266134
0.00335390911906
0.00479854198677
0.00170683788919
0.00184913581685
0.00176759684113
0.00388784739715
0.0018445380118
0.00404285564283
0.00506253063136
0.0111020053721
0.00383064712901
0.00384385736483
0.00343186782603
0.00447704438151
0.00200874091096
0.00411946192552
0.00501801242611
0.0106119491327
0.00417038128778
0.00474762262451
0.00514095176811
0.0111428317731
0.00577410716192
0.01291472216
0.0171030101831
0.0423040415076
0.01291472216
0.0124460151929
0.0087112080746
0.0123412699387
0.00436450813047
0.00813230691863
0.00772090319325
0.0124460151929
0.00404285564283
0.00420830237028
0.00345106668991
0.00813230691863
0.00338588741185
0.0072325879127
0.00813230691863
0.01291472216
0.00411946192552
0.00404285564283
0.00313175266134
0.00436450813047
0.00172213505771
0.00338588741185
0.00367691403097
0.0087112080746
0.00313175266134
0.00345106668991
0.00335390911906
0.00772090319325
0.00367691403097
0.00813230691863
0.0101781349253
0.0148738302707
0.00474762262451
0.00459187652254
0.00352948782666
0.00466966391754
0.00180674640747
0.00345106668991
0.00367691403097
0.00522003722153
0.00184913581685
0.00198203840138
0.00188096745063
0.00409746394241
0.00193689916105
0.00420830237028
0.00527214717662
0.0111020053721
0.00384385736483
0.00383064712901
0.00343186782603
0.00441364093413
0.00198794883667
0.00404285564283
0.00495460897873
0.0102534635253
0.00406002852502
0.00459187652254
0.00501801242611
0.0106930864556
0.00560100623123
0.0124460151929
0.0166532648656
0.0348805553206
0.0111428317731
0.0106930864556
0.00818413405483
0.0106930864556
0.00409746394241
0.00772090319325
0.00813230691863
0.0111428317731
0.00388784739715
0.00409746394241
0.00378680713552
0.00818413405483
0.00378680713552
0.00813230691863
0.0100483052522
0.0130838837531
0.00447704438151
0.00441364093413
0.00386657792498
0.00493709884463
0.00217804323088
0.00436450813047
0.00527214717662
0.0106119491327
0.00417038128778
0.00466966391754
0.00506253063136
0.0106930864556
0.00558598854186
0.0123412699387
0.0165241090271
0.0313993605752
0.0106119491327
0.0102534635253
0.00871120807459
0.0106119491327
0.0044933861997
0.00871120807459
0.0101781349253
0.0125710572434
0.00479854198677
0.00522003722153
0.00546026579668
0.0111428317731
0.00570892788386
0.0124460151929
0.0165241090271
0.0303636885851
0.0111020053721
0.0111020053721
0.0107515871466
0.0130838837531
0.0062999006989
0.01291472216
0.0166532648656
0.0313993605752
0.0130691808648
0.0148738302707
0.0171030101831
0.0348805553206
0.0190848885641
0.0423040415076
0.0582848834715
0.101728988397
0.0306340864448
0.0288294370388
0.0190848885641
0.0284709514314
0.00958012767578
0.0171030101831
0.0148738302707
0.0283662061772
0.00885347665395
0.00885347665395
0.00654856278608
0.0166532648656
0.0062999006989
0.01291472216
0.0130838837531
0.0283411217582
0.00869727089376
0.008275775659
0.00577410716192
0.00869727089376
0.0031056030063
0.00577410716192
0.00552384058433
0.0165241090271
0.00546026579668
0.00570892788386
0.00479854198677
0.0124460151929
0.00522003722153
0.0111428317731
0.0125710572434
0.0283662061772
0.00866381275994
0.00816588255445
0.00560100623123
0.00816588255445
0.00284569966263
0.00514095176811
0.00474762262451
0.00866381275994
0.00280331025325
0.00284569966263
0.00228502461692
0.00560100623123
0.00228502461692
0.00474762262451
0.0052514683828
0.0165241090271
0.00527214717662
0.00506253063136
0.00386657792498
0.00558598854186
0.00217804323088
0.00417038128778
0.00447704438151
0.0123412699387
0.00436450813047
0.00466966391754
0.00441364093413
0.0106930864556
0.00493709884463
0.0106119491327
0.0130838837531
0.0284709514314
0.00869727089376
0.00816588255445
0.00558598854186
0.00808809515945
0.00280322627367
0.00501801242611
0.00459187652254
0.00816588255445
0.00261918526607
0.00262793427976
0.00206467262137
0.00501801242611
0.00200874091096
0.00411946192552
0.00447704438151
0.00869727089376
0.00275206277402
0.00261918526607
0.0019579086213
0.00280322627367
0.001069836006
0.00200874091096
0.00210864427965
0.00558598854186
0.0019579086213
0.00206467262137
0.00192460327205
0.00459187652254
0.00210864427965
0.00447704438151
0.00552384058433
0.0166532648656
0.00527214717662
0.00495460897873
0.00367691403097
0.00501801242611
0.00188096745063
0.00343186782603
0.00352948782666
0.00560100623123
0.00193689916105
0.00198794883667
0.00180674640747
0.00406002852502
0.00184913581685
0.00384385736483
0.00474762262451
0.0124460151929
0.00420830237028
0.00404285564283
0.00345106668991
0.00459187652254
0.00198203840138
0.00383064712901
0.00459187652254
0.0106930864556
0.00409746394241
0.00441364093413
0.00466966391754
0.0102534635253
0.00522003722153
0.0111020053721
0.0148738302707
0.0288294370388
0.00885347665395
0.008275775659
0.00570892788386
0.00816588255445
0.00284569966263
0.00506253063136
0.00466966391754
0.00816588255445
0.00262793427976
0.00261918526607
0.00206467262137
0.00495460897873
0.00198794883667
0.00404285564283
0.00441364093413
0.008275775659
0.00261918526607
0.00247686226183
0.0018445380118
0.00261918526607
0.000993838950388
0.0018445380118
0.00192460327205
0.00506253063136
0.00176759684113
0.0018445380118
0.00170683788919
0.00404285564283
0.00184913581685
0.00388784739715
0.00479854198677
0.00885347665395
0.00280331025325
0.00261918526607
0.00193689916105
0.00262793427976
0.000979893230844
0.00176759684113
0.00180674640747
0.00284569966263
0.000979893230844
0.000993838950388
0.00089512952944
0.00198794883667
0.000900906035612
0.00184913581685
0.00228502461692
0.00570892788386
0.00193689916105
0.0018445380118
0.00158023201092
0.00206467262137
0.00089512952944
0.00170683788919
0.00206467262137
0.00466966391754
0.00180674640747
0.00192460327205
0.00206467262137
0.00441364093413
0.00228502461692
0.00479854198677
0.00654856278608
0.0171030101831
0.00546026579668
0.00506253063136
0.00378680713552
0.00501801242611
0.00188096745063
0.00335390911906
0.00345106668991
0.00514095176811
0.00176759684113
0.00176759684113
0.00158023201092
0.00343186782603
0.00154675908423
0.00313175266134
0.00386657792498
0.00577410716192
0.0019579086213
0.0018445380118
0.00157106303978
0.00200874091096
0.000865198328471
0.00162222653943
0.0019579086213
0.00417038128778
0.00162222653943
0.00170683788919
0.0018445380118
0.00383064712901
0.00200874091096
0.00417038128778
0.00577410716192
0.01291472216
0.00436450813047
0.00404285564283
0.00338588741185
0.00411946192552
0.00172213505771
0.00313175266134
0.00367691403097
0.00474762262451
0.00180674640747
0.00184913581685
0.00193689916105
0.00384385736483
0.00198794883667
0.00406002852502
0.00560100623123
0.0111428317731
0.00409746394241
0.00388784739715
0.00378680713552
0.00447704438151
0.00217804323088
0.00417038128778
0.00558598854186
0.0106119491327
0.0044933861997
0.00479854198677
0.00570892788386
0.0111020053721
0.0062999006989
0.0130691808648
0.0190848885641
0.0306340864448
0.00958012767578
0.00885347665395
0.0062999006989
0.00869727089376
0.0031056030063
0.00546026579668
0.00522003722153
0.00866381275994
0.00284569966263
0.00280331025325
0.00228502461692
0.00527214717662
0.00217804323088
0.00436450813047
0.00493709884463
0.00869727089376
0.00280322627367
0.00261918526607
0.00200874091096
0.00275206277402
0.001069836006
0.0019579086213
0.00210864427965
0.00527214717662
0.00188096745063
0.00193689916105
0.00184913581685
0.00420830237028
0.00198203840138
0.00409746394241
0.00522003722153
0.00885347665395
0.00284569966263
0.00262793427976
0.00198794883667
0.00261918526607
0.000993838950388
0.00176759684113
0.00184913581685
0.00280331025325
0.000979893230844
0.000979893230844
0.000900906035612
0.00193689916105
0.00089512952944
0.00180674640747
0.00228502461692
0.00546026579668
0.00188096745063
0.00176759684113
0.00154675908423
0.0019579086213
0.000865198328471
0.00162222653943
0.00200874091096
0.00436450813047
0.00172213505771
0.00180674640747
0.00198794883667
0.00409746394241
0.00217804323088
0.0044933861997
0.0062999006989
0.00958012767578
0.0031056030063
0.00284569966263
0.00217804323088
0.00280322627367
0.001069836006
0.00188096745063
0.00198203840138
0.00284569966263
0.000993838950388
0.000979893230844
0.00089512952944
0.00188096745063
0.000865198328471
0.00172213505771
0.00217804323088
0.0031056030063
0.001069836006
0.000993838950388
0.000865198328471
0.001069836006
0.000469868692962
0.000865198328471
0.001069836006
0.00217804323088
0.000865198328471
0.00089512952944
0.000993838950388
0.00198203840138
0.001069836006
0.00217804323088
0.0031056030063
0.0062999006989
0.00217804323088
0.00198794883667
0.00172213505771
0.00200874091096
0.000865198328471
0.00154675908423
0.00188096745063
0.00228502461692
0.00089512952944
0.000900906035612
0.000979893230844
0.00184913581685
0.000993838950388
0.00198794883667
0.00284569966263
0.00522003722153
0.00198203840138
0.00184913581685
0.00188096745063
0.00210864427965
0.001069836006
0.00200874091096
0.00280322627367
0.00493709884463
0.00217804323088
0.00228502461692
0.00284569966263
0.00522003722153
0.0031056030063
0.0062999006989
0.00958012767578
0.0190848885641
0.0062999006989
0.00570892788386
0.0044933861997
0.00558598854186
0.00217804323088
0.00378680713552
0.00409746394241
0.00560100623123
0.00198794883667
0.00193689916105
0.00180674640747
0.00367691403097
0.00172213505771
0.00338588741185
0.00436450813047
0.00577410716192
0.00200874091096
0.0018445380118
0.00162222653943
0.0019579086213
0.000865198328471
0.00157106303978
0.0019579086213
0.00386657792498
0.00154675908423
0.00158023201092
0.00176759684113
0.00345106668991
0.00188096745063
0.00378680713552
0.00546026579668
0.00654856278608
0.00228502461692
0.00206467262137
0.00180674640747
0.00206467262137
0.00089512952944
0.00158023201092
0.00193689916105
0.00228502461692
0.000900906035612
0.00089512952944
0.000979893230844
0.00180674640747
0.000979893230844
0.00193689916105
0.00280331025325
0.00479854198677
0.00184913581685
0.00170683788919
0.00176759684113
0.00192460327205
0.000993838950388
0.0018445380118
0.00261918526607
0.00441364093413
0.00198794883667
0.00206467262137
0.00262793427976
0.00466966391754
0.00284569966263
0.00570892788386
0.00885347665395
0.0148738302707
0.00522003722153
0.00466966391754
0.00409746394241
0.00459187652254
0.00198203840138
0.00345106668991
0.00420830237028
0.00474762262451
0.00184913581685
0.00180674640747
0.00193689916105
0.00352948782666
0.00188096745063
0.00367691403097
0.00527214717662
0.00552384058433
0.00210864427965
0.00192460327205
0.0019579086213
0.00210864427965
0.001069836006
0.0019579086213
0.00275206277402
0.00447704438151
0.00200874091096
0.00206467262137
0.00261918526607
0.00459187652254
0.00280322627367
0.00558598854186
0.00869727089376
0.0130838837531
0.00493709884463
0.00441364093413
0.00436450813047
0.00447704438151
0.00217804323088
0.00386657792498
0.00527214717662
0.0052514683828
0.00228502461692
0.00228502461692
0.00280331025325
0.00474762262451
0.00284569966263
0.00560100623123
0.00866381275994
0.0125710572434
0.00522003722153
0.00479854198677
0.00546026579668
0.00552384058433
0.0031056030063
0.00577410716192
0.00869727089376
0.0130838837531
0.0062999006989
0.00654856278608
0.00885347665395
0.0148738302707
0.00958012767578
0.0190848885641
0.0306340864448
0.0582848834715
0.0190848885641
0.0171030101831
0.0130691808648
0.0166532648656
0.0062999006989
0.0107515871466
0.0111020053721
0.0165241090271
0.00570892788386
0.00546026579668
0.00479854198677
0.0101781349253
0.0044933861997
0.0087112080746
0.0106119491327
0.0165241090271
0.00558598854186
0.00506253063136
0.00417038128778
0.00527214717662
0.00217804323088
0.00386657792498
0.00447704438151
0.0100483052522
0.00378680713552
0.00378680713552
0.00388784739715
0.00813230691863
0.00409746394241
0.00818413405483
0.0111428317731
0.0166532648656
0.00560100623123
0.00501801242611
0.00406002852502
0.00495460897873
0.00198794883667
0.00343186782603
0.00384385736483
0.00527214717662
0.00193689916105
0.00188096745063
0.00184913581685
0.00367691403097
0.00180674640747
0.00352948782666
0.00474762262451
0.0101781349253
0.00367691403097
0.00335390911906
0.00313175266134
0.00367691403097
0.00172213505771
0.00313175266134
0.00411946192552
0.00813230691863
0.00338588741185
0.00345106668991
0.00404285564283
0.00772090319325
0.00436450813047
0.00871120807459
0.01291472216
0.0171030101831
0.00577410716192
0.00514095176811
0.00417038128778
0.00501801242611
0.00200874091096
0.00343186782603
0.00383064712901
0.00506253063136
0.0018445380118
0.00176759684113
0.00170683788919
0.00335390911906
0.00162222653943
0.00313175266134
0.00417038128778
0.00546026579668
0.0019579086213
0.00176759684113
0.00162222653943
0.00188096745063
0.000865198328471
0.00154675908423
0.00200874091096
0.00378680713552
0.00157106303978
0.00158023201092
0.0018445380118
0.00345106668991
0.0019579086213
0.00386657792498
0.00577410716192
0.0107515871466
0.00386657792498
0.00343186782603
0.00313175266134
0.00343186782603
0.00154675908423
0.00268769183721
0.00343186782603
0.00386657792498
0.00158023201092
0.00154675908423
0.00176759684113
0.00313175266134
0.00176759684113
0.00343186782603
0.00514095176811
0.0087112080746
0.00345106668991
0.00313175266134
0.00335390911906
0.00352948782666
0.00188096745063
0.00343186782603
0.00501801242611
0.00818413405483
0.00378680713552
0.00386657792498
0.00506253063136
0.00871120807459
0.00546026579668
0.0107515871466
0.0171030101831
0.0190848885641
0.00654856278608
0.00577410716192
0.00479854198677
0.00560100623123
0.00228502461692
0.00386657792498
0.00441364093413
0.00558598854186
0.00206467262137
0.0019579086213
0.00192460327205
0.00367691403097
0.00180674640747
0.00345106668991
0.00466966391754
0.00570892788386
0.00206467262137
0.0018445380118
0.00170683788919
0.00193689916105
0.00089512952944
0.00158023201092
0.00206467262137
0.00378680713552
0.00158023201092
0.00157106303978
0.0018445380118
0.00338588741185
0.00193689916105
0.00378680713552
0.00570892788386
0.0062999006989
0.00228502461692
0.00200874091096
0.00184913581685
0.00198794883667
0.000900906035612
0.00154675908423
0.00198794883667
0.00217804323088
0.00089512952944
0.000865198328471
0.000993838950388
0.00172213505771
0.000979893230844
0.00188096745063
0.00284569966263
0.0044933861997
0.00180674640747
0.00162222653943
0.00176759684113
0.00180674640747
0.000979893230844
0.00176759684113
0.00262793427976
0.00409746394241
0.00193689916105
0.0019579086213
0.00261918526607
0.00436450813047
0.00280331025325
0.00546026579668
0.00885347665395
0.0130691808648
0.00479854198677
0.00417038128778
0.00388784739715
0.00406002852502
0.00184913581685
0.00313175266134
0.00404285564283
0.00417038128778
0.00170683788919
0.00162222653943
0.0018445380118
0.00313175266134
0.00176759684113
0.00335390911906
0.00506253063136
0.00479854198677
0.00192460327205
0.00170683788919
0.0018445380118
0.00184913581685
0.000993838950388
0.00176759684113
0.00261918526607
0.00388784739715
0.0018445380118
0.0018445380118
0.00247686226183
0.00404285564283
0.00261918526607
0.00506253063136
0.008275775659
0.0111020053721
0.00441364093413
0.00383064712901
0.00404285564283
0.00384385736483
0.00198794883667
0.00343186782603
0.00495460897873
0.00447704438151
0.00206467262137
0.00200874091096
0.00261918526607
0.00411946192552
0.00262793427976
0.00501801242611
0.00816588255445
0.0106119491327
0.00466966391754
0.00417038128778
0.00506253063136
0.00474762262451
0.00284569966263
0.00514095176811
0.00816588255445
0.0111428317731
0.00570892788386
0.00577410716192
0.008275775659
0.01291472216
0.00885347665395
0.0171030101831
0.0288294370388
0.0423040415076
0.0148738302707
0.01291472216
0.0111020053721
0.0124460151929
0.00522003722153
0.0087112080746
0.0102534635253
0.0123412699387
0.00466966391754
0.00436450813047
0.00441364093413
0.00813230691863
0.00409746394241
0.00772090319325
0.0106930864556
0.0124460151929
0.00459187652254
0.00404285564283
0.00383064712901
0.00420830237028
0.00198203840138
0.00345106668991
0.00459187652254
0.00813230691863
0.00345106668991
0.00338588741185
0.00404285564283
0.0072325879127
0.00420830237028
0.00813230691863
0.0124460151929
0.01291472216
0.00474762262451
0.00411946192552
0.00384385736483
0.00404285564283
0.00184913581685
0.00313175266134
0.00406002852502
0.00436450813047
0.00180674640747
0.00172213505771
0.00198794883667
0.00338588741185
0.00193689916105
0.00367691403097
0.00560100623123
0.0087112080746
0.00352948782666
0.00313175266134
0.00343186782603
0.00345106668991
0.00188096745063
0.00335390911906
0.00501801242611
0.00772090319325
0.00367691403097
0.00367691403097
0.00495460897873
0.00813230691863
0.00527214717662
0.0101781349253
0.0166532648656
0.0148738302707
0.00552384058433
0.00474762262451
0.00447704438151
0.00459187652254
0.00210864427965
0.00352948782666
0.00459187652254
0.00466966391754
0.00192460327205
0.00180674640747
0.00206467262137
0.00345106668991
0.0019579086213
0.00367691403097
0.00558598854186
0.00522003722153
0.00210864427965
0.00184913581685
0.00200874091096
0.00198203840138
0.001069836006
0.00188096745063
0.00280322627367
0.00409746394241
0.0019579086213
0.00193689916105
0.00261918526607
0.00420830237028
0.00275206277402
0.00527214717662
0.00869727089376
0.0111020053721
0.00447704438151
0.00384385736483
0.00411946192552
0.00383064712901
0.00200874091096
0.00343186782603
0.00501801242611
0.00441364093413
0.00206467262137
0.00198794883667
0.00262793427976
0.00404285564283
0.00261918526607
0.00495460897873
0.00816588255445
0.0102534635253
0.00459187652254
0.00406002852502
0.00501801242611
0.00459187652254
0.00280322627367
0.00501801242611
0.00808809515945
0.0106930864556
0.00558598854186
0.00560100623123
0.00816588255445
0.0124460151929
0.00869727089376
0.0166532648656
0.0284709514314
0.0348805553206
0.0130838837531
0.0111428317731
0.0106119491327
0.0106930864556
0.00493709884463
0.00818413405483
0.0106930864556
0.0106930864556
0.00441364093413
0.00409746394241
0.00466966391754
0.00772090319325
0.00436450813047
0.00813230691863
0.0123412699387
0.0111428317731
0.00447704438151
0.00388784739715
0.00417038128778
0.00409746394241
0.00217804323088
0.00378680713552
0.00558598854186
0.00818413405483
0.00386657792498
0.00378680713552
0.00506253063136
0.00813230691863
0.00527214717662
0.0100483052522
0.0165241090271
0.0130838837531
0.0052514683828
0.00447704438151
0.00474762262451
0.00441364093413
0.00228502461692
0.00386657792498
0.00560100623123
0.00493709884463
0.00228502461692
0.00217804323088
0.00284569966263
0.00436450813047
0.00280331025325
0.00527214717662
0.00866381275994
0.0106119491327
0.00474762262451
0.00417038128778
0.00514095176811
0.00466966391754
0.00284569966263
0.00506253063136
0.00816588255445
0.0106930864556
0.00560100623123
0.00558598854186
0.00816588255445
0.0123412699387
0.00866381275994
0.0165241090271
0.0283662061772
0.0313993605752
0.0125710572434
0.0106119491327
0.0111428317731
0.0102534635253
0.00522003722153
0.00871120807459
0.0124460151929
0.0106119491327
0.00479854198677
0.0044933861997
0.00570892788386
0.00871120807459
0.00546026579668
0.0101781349253
0.0165241090271
0.0125710572434
0.00552384058433
0.00479854198677
0.00577410716192
0.00522003722153
0.0031056030063
0.00546026579668
0.00869727089376
0.0111428317731
0.00577410716192
0.00570892788386
0.008275775659
0.0124460151929
0.00869727089376
0.0165241090271
0.0283411217582
0.0303636885851
0.0130838837531
0.0111020053721
0.01291472216
0.0111020053721
0.0062999006989
0.0107515871466
0.0166532648656
0.0130838837531
0.00654856278608
0.0062999006989
0.00885347665395
0.01291472216
0.00885347665395
0.0166532648656
0.0283662061772
0.0313993605752
0.0148738302707
0.0130691808648
0.0171030101831
0.0148738302707
0.00958012767578
0.0171030101831
0.0284709514314
0.0348805553206
0.0190848885641
0.0190848885641
0.0288294370388
0.0423040415076
0.0306340864448
0.0582848834715
0.101728988397
0.101728988397
0.0582848834715
0.0306340864448
0.0423040415076
0.0288294370388
0.0190848885641
0.0190848885641
0.0348805553206
0.0284709514314
0.0171030101831
0.00958012767578
0.0148738302707
0.0171030101831
0.0130691808648
0.0148738302707
0.0313993605752
0.0283662061772
0.0166532648656
0.00885347665395
0.01291472216
0.00885347665395
0.0062999006989
0.00654856278608
0.0130838837531
0.0166532648656
0.0107515871466
0.0062999006989
0.0111020053721
0.01291472216
0.0111020053721
0.0130838837531
0.0303636885851
0.0283411217582
0.0165241090271
0.00869727089376
0.0124460151929
0.008275775659
0.00570892788386
0.00577410716192
0.0111428317731
0.00869727089376
0.00546026579668
0.0031056030063
0.00522003722153
0.00577410716192
0.00479854198677
0.00552384058433
0.0125710572434
0.0165241090271
0.0101781349253
0.00546026579668
0.0087112080746
0.00570892788386
0.0044933861997
0.00479854198677
0.0106119491327
0.0124460151929
0.0087112080746
0.00522003722153
0.0102534635253
0.0111428317731
0.0106119491327
0.0125710572434
0.0313993605752
0.0283662061772
0.0165241090271
0.00866381275994
0.0123412699387
0.00816588255445
0.00558598854186
0.00560100623123
0.0106930864556
0.00816588255445
0.00506253063136
0.00284569966263
0.00466966391754
0.00514095176811
0.00417038128778
0.00474762262451
0.0106119491327
0.00866381275994
0.00527214717662
0.00280331025325
0.00436450813047
0.00284569966263
0.00217804323088
0.00228502461692
0.00493709884463
0.00560100623123
0.00386657792498
0.00228502461692
0.00441364093413
0.00474762262451
0.00447704438151
0.0052514683828
0.0130838837531
0.0165241090271
0.0100483052522
0.00527214717662
0.00813230691863
0.00506253063136
0.00378680713552
0.00386657792498
0.00818413405483
0.00558598854186
0.00378680713552
0.00217804323088
0.00409746394241
0.00417038128778
0.00388784739715
0.00447704438151
0.0111428317731
0.0123412699387
0.00813230691863
0.00436450813047
0.00772090319325
0.00466966391754
0.00409746394241
0.00441364093413
0.0106930864556
0.0106930864556
0.00818413405483
0.00493709884463
0.0106930864556
0.0106119491327
0.0111428317731
0.0130838837531
0.0348805553206
0.0284709514314
0.0166532648656
0.00869727089376
0.0124460151929
0.00816588255445
0.00560100623123
0.00558598854186
0.0106930864556
0.00808809515945
0.00501801242611
0.00280322627367
0.00459187652254
0.00501801242611
0.00406002852502
0.00459187652254
0.0102534635253
0.00816588255445
0.00495460897873
0.00261918526607
0.00404285564283
0.00262793427976
0.00198794883667
0.00206467262137
0.00441364093413
0.00501801242611
0.00343186782603
0.00200874091096
0.00383064712901
0.00411946192552
0.00384385736483
0.00447704438151
0.0111020053721
0.00869727089376
0.00527214717662
0.00275206277402
0.00420830237028
0.00261918526607
0.00193689916105
0.0019579086213
0.00409746394241
0.00280322627367
0.00188096745063
0.001069836006
0.00198203840138
0.00200874091096
0.00184913581685
0.00210864427965
0.00522003722153
0.00558598854186
0.00367691403097
0.0019579086213
0.00345106668991
0.00206467262137
0.00180674640747
0.00192460327205
0.00466966391754
0.00459187652254
0.00352948782666
0.00210864427965
0.00459187652254
0.00447704438151
0.00474762262451
0.00552384058433
0.0148738302707
0.0166532648656
0.0101781349253
0.00527214717662
0.00813230691863
0.00495460897873
0.00367691403097
0.00367691403097
0.00772090319325
0.00501801242611
0.00335390911906
0.00188096745063
0.00345106668991
0.00343186782603
0.00313175266134
0.00352948782666
0.00871120807459
0.00560100623123
0.00367691403097
0.00193689916105
0.00338588741185
0.00198794883667
0.00172213505771
0.00180674640747
0.00436450813047
0.00406002852502
0.00313175266134
0.00184913581685
0.00404285564283
0.00384385736483
0.00411946192552
0.00474762262451
0.01291472216
0.0124460151929
0.00813230691863
0.00420830237028
0.0072325879127
0.00404285564283
0.00338588741185
0.00345106668991
0.00813230691863
0.00459187652254
0.00345106668991
0.00198203840138
0.00420830237028
0.00383064712901
0.00404285564283
0.00459187652254
0.0124460151929
0.0106930864556
0.00772090319325
0.00409746394241
0.00813230691863
0.00441364093413
0.00436450813047
0.00466966391754
0.0123412699387
0.0102534635253
0.00871120807459
0.00522003722153
0.0124460151929
0.0111020053721
0.01291472216
0.0148738302707
0.0423040415076
0.0288294370388
0.0171030101831
0.00885347665395
0.01291472216
0.008275775659
0.00577410716192
0.00570892788386
0.0111428317731
0.00816588255445
0.00514095176811
0.00284569966263
0.00474762262451
0.00506253063136
0.00417038128778
0.00466966391754
0.0106119491327
0.00816588255445
0.00501801242611
0.00262793427976
0.00411946192552
0.00261918526607
0.00200874091096
0.00206467262137
0.00447704438151
0.00495460897873
0.00343186782603
0.00198794883667
0.00384385736483
0.00404285564283
0.00383064712901
0.00441364093413
0.0111020053721
0.008275775659
0.00506253063136
0.00261918526607
0.00404285564283
0.00247686226183
0.0018445380118
0.0018445380118
0.00388784739715
0.00261918526607
0.00176759684113
0.000993838950388
0.00184913581685
0.0018445380118
0.00170683788919
0.00192460327205
0.00479854198677
0.00506253063136
0.00335390911906
0.00176759684113
0.00313175266134
0.0018445380118
0.00162222653943
0.00170683788919
0.00417038128778
0.00404285564283
0.00313175266134
0.00184913581685
0.00406002852502
0.00388784739715
0.00417038128778
0.00479854198677
0.0130691808648
0.00885347665395
0.00546026579668
0.00280331025325
0.00436450813047
0.00261918526607
0.0019579086213
0.00193689916105
0.00409746394241
0.00262793427976
0.00176759684113
0.000979893230844
0.00180674640747
0.00176759684113
0.00162222653943
0.00180674640747
0.0044933861997
0.00284569966263
0.00188096745063
0.000979893230844
0.00172213505771
0.000993838950388
0.000865198328471
0.00089512952944
0.00217804323088
0.00198794883667
0.00154675908423
0.000900906035612
0.00198794883667
0.00184913581685
0.00200874091096
0.00228502461692
0.0062999006989
0.00570892788386
0.00378680713552
0.00193689916105
0.00338588741185
0.0018445380118
0.00157106303978
0.00158023201092
0.00378680713552
0.00206467262137
0.00158023201092
0.00089512952944
0.00193689916105
0.00170683788919
0.0018445380118
0.00206467262137
0.00570892788386
0.00466966391754
0.00345106668991
0.00180674640747
0.00367691403097
0.00192460327205
0.0019579086213
0.00206467262137
0.00558598854186
0.00441364093413
0.00386657792498
0.00228502461692
0.00560100623123
0.00479854198677
0.00577410716192
0.00654856278608
0.0190848885641
0.0171030101831
0.0107515871466
0.00546026579668
0.0087112080746
0.00506253063136
0.00386657792498
0.00378680713552
0.00818413405483
0.00501801242611
0.00343186782603
0.00188096745063
0.00352948782666
0.00335390911906
0.00313175266134
0.00345106668991
0.00871120807459
0.00514095176811
0.00343186782603
0.00176759684113
0.00313175266134
0.00176759684113
0.00154675908423
0.00158023201092
0.00386657792498
0.00343186782603
0.00268769183721
0.00154675908423
0.00343186782603
0.00313175266134
0.00343186782603
0.00386657792498
0.0107515871466
0.00577410716192
0.00386657792498
0.0019579086213
0.00345106668991
0.0018445380118
0.00158023201092
0.00157106303978
0.00378680713552
0.00200874091096
0.00154675908423
0.000865198328471
0.00188096745063
0.00162222653943
0.00176759684113
0.0019579086213
0.00546026579668
0.00417038128778
0.00313175266134
0.00162222653943
0.00335390911906
0.00170683788919
0.00176759684113
0.0018445380118
0.00506253063136
0.00383064712901
0.00343186782603
0.00200874091096
0.00501801242611
0.00417038128778
0.00514095176811
0.00577410716192
0.0171030101831
0.01291472216
0.0087112080746
0.00436450813047
0.00772090319325
0.00404285564283
0.00345106668991
0.00338588741185
0.00813230691863
0.00411946192552
0.00313175266134
0.00172213505771
0.00367691403097
0.00313175266134
0.00335390911906
0.00367691403097
0.0101781349253
0.00474762262451
0.00352948782666
0.00180674640747
0.00367691403097
0.00184913581685
0.00188096745063
0.00193689916105
0.00527214717662
0.00384385736483
0.00343186782603
0.00198794883667
0.00495460897873
0.00406002852502
0.00501801242611
0.00560100623123
0.0166532648656
0.0111428317731
0.00818413405483
0.00409746394241
0.00813230691863
0.00388784739715
0.00378680713552
0.00378680713552
0.0100483052522
0.00447704438151
0.00386657792498
0.00217804323088
0.00527214717662
0.00417038128778
0.00506253063136
0.00558598854186
0.0165241090271
0.0106119491327
0.00871120807459
0.0044933861997
0.0101781349253
0.00479854198677
0.00546026579668
0.00570892788386
0.0165241090271
0.0111020053721
0.0107515871466
0.0062999006989
0.0166532648656
0.0130691808648
0.0171030101831
0.0190848885641
0.0582848834715
0.0306340864448
0.0190848885641
0.00958012767578
0.0148738302707
0.00885347665395
0.00654856278608
0.0062999006989
0.0130838837531
0.00869727089376
0.00577410716192
0.0031056030063
0.00552384058433
0.00546026579668
0.00479854198677
0.00522003722153
0.0125710572434
0.00866381275994
0.00560100623123
0.00284569966263
0.00474762262451
0.00280331025325
0.00228502461692
0.00228502461692
0.0052514683828
0.00527214717662
0.00386657792498
0.00217804323088
0.00447704438151
0.00436450813047
0.00441364093413
0.00493709884463
0.0130838837531
0.00869727089376
0.00558598854186
0.00280322627367
0.00459187652254
0.00261918526607
0.00206467262137
0.00200874091096
0.00447704438151
0.00275206277402
0.0019579086213
0.001069836006
0.00210864427965
0.0019579086213
0.00192460327205
0.00210864427965
0.00552384058433
0.00527214717662
0.00367691403097
0.00188096745063
0.00352948782666
0.00193689916105
0.00180674640747
0.00184913581685
0.00474762262451
0.00420830237028
0.00345106668991
0.00198203840138
0.00459187652254
0.00409746394241
0.00466966391754
0.00522003722153
0.0148738302707
0.00885347665395
0.00570892788386
0.00284569966263
0.00466966391754
0.00262793427976
0.00206467262137
0.00198794883667
0.00441364093413
0.00261918526607
0.0018445380118
0.000993838950388
0.00192460327205
0.00176759684113
0.00170683788919
0.00184913581685
0.00479854198677
0.00280331025325
0.00193689916105
0.000979893230844
0.00180674640747
0.000979893230844
0.00089512952944
0.000900906035612
0.00228502461692
0.00193689916105
0.00158023201092
0.00089512952944
0.00206467262137
0.00180674640747
0.00206467262137
0.00228502461692
0.00654856278608
0.00546026579668
0.00378680713552
0.00188096745063
0.00345106668991
0.00176759684113
0.00158023201092
0.00154675908423
0.00386657792498
0.0019579086213
0.00157106303978
0.000865198328471
0.0019579086213
0.00162222653943
0.0018445380118
0.00200874091096
0.00577410716192
0.00436450813047
0.00338588741185
0.00172213505771
0.00367691403097
0.00180674640747
0.00193689916105
0.00198794883667
0.00560100623123
0.00409746394241
0.00378680713552
0.00217804323088
0.00558598854186
0.0044933861997
0.00570892788386
0.0062999006989
0.0190848885641
0.00958012767578
0.0062999006989
0.0031056030063
0.00522003722153
0.00284569966263
0.00228502461692
0.00217804323088
0.00493709884463
0.00280322627367
0.00200874091096
0.001069836006
0.00210864427965
0.00188096745063
0.00184913581685
0.00198203840138
0.00522003722153
0.00284569966263
0.00198794883667
0.000993838950388
0.00184913581685
0.000979893230844
0.000900906035612
0.00089512952944
0.00228502461692
0.00188096745063
0.00154675908423
0.000865198328471
0.00200874091096
0.00172213505771
0.00198794883667
0.00217804323088
0.0062999006989
0.0031056030063
0.00217804323088
0.001069836006
0.00198203840138
0.000993838950388
0.00089512952944
0.000865198328471
0.00217804323088
0.001069836006
0.000865198328471
0.000469868692962
0.001069836006
0.000865198328471
0.000993838950388
0.001069836006
0.0031056030063
0.00217804323088
0.00172213505771
0.000865198328471
0.00188096745063
0.00089512952944
0.000979893230844
0.000993838950388
0.00284569966263
0.00198203840138
0.00188096745063
0.001069836006
0.00280322627367
0.00217804323088
0.00284569966263
0.0031056030063
0.00958012767578
0.0062999006989
0.0044933861997
0.00217804323088
0.00409746394241
0.00198794883667
0.00180674640747
0.00172213505771
0.00436450813047
0.00200874091096
0.00162222653943
0.000865198328471
0.0019579086213
0.00154675908423
0.00176759684113
0.00188096745063
0.00546026579668
0.00228502461692
0.00180674640747
0.00089512952944
0.00193689916105
0.000900906035612
0.000979893230844
0.000979893230844
0.00280331025325
0.00184913581685
0.00176759684113
0.000993838950388
0.00261918526607
0.00198794883667
0.00262793427976
0.00284569966263
0.00885347665395
0.00522003722153
0.00409746394241
0.00198203840138
0.00420830237028
0.00184913581685
0.00193689916105
0.00188096745063
0.00527214717662
0.00210864427965
0.0019579086213
0.001069836006
0.00275206277402
0.00200874091096
0.00261918526607
0.00280322627367
0.00869727089376
0.00493709884463
0.00436450813047
0.00217804323088
0.00527214717662
0.00228502461692
0.00280331025325
0.00284569966263
0.00866381275994
0.00522003722153
0.00546026579668
0.0031056030063
0.00869727089376
0.0062999006989
0.00885347665395
0.00958012767578
0.0306340864448
0.0190848885641
0.0130691808648
0.0062999006989
0.0111020053721
0.00570892788386
0.00479854198677
0.0044933861997
0.0106119491327
0.00558598854186
0.00417038128778
0.00217804323088
0.00447704438151
0.00378680713552
0.00388784739715
0.00409746394241
0.0111428317731
0.00560100623123
0.00406002852502
0.00198794883667
0.00384385736483
0.00193689916105
0.00184913581685
0.00180674640747
0.00474762262451
0.00367691403097
0.00313175266134
0.00172213505771
0.00411946192552
0.00338588741185
0.00404285564283
0.00436450813047
0.01291472216
0.00577410716192
0.00417038128778
0.00200874091096
0.00383064712901
0.0018445380118
0.00170683788919
0.00162222653943
0.00417038128778
0.0019579086213
0.00162222653943
0.000865198328471
0.00200874091096
0.00157106303978
0.0018445380118
0.0019579086213
0.00577410716192
0.00386657792498
0.00313175266134
0.00154675908423
0.00343186782603
0.00158023201092
0.00176759684113
0.00176759684113
0.00514095176811
0.00345106668991
0.00335390911906
0.00188096745063
0.00501801242611
0.00378680713552
0.00506253063136
0.00546026579668
0.0171030101831
0.00654856278608
0.00479854198677
0.00228502461692
0.00441364093413
0.00206467262137
0.00192460327205
0.00180674640747
0.00466966391754
0.00206467262137
0.00170683788919
0.00089512952944
0.00206467262137
0.00158023201092
0.0018445380118
0.00193689916105
0.00570892788386
0.00228502461692
0.00184913581685
0.000900906035612
0.00198794883667
0.00089512952944
0.000993838950388
0.000979893230844
0.00284569966263
0.00180674640747
0.00176759684113
0.000979893230844
0.00262793427976
0.00193689916105
0.00261918526607
0.00280331025325
0.00885347665395
0.00479854198677
0.00388784739715
0.00184913581685
0.00404285564283
0.00170683788919
0.0018445380118
0.00176759684113
0.00506253063136
0.00192460327205
0.0018445380118
0.000993838950388
0.00261918526607
0.0018445380118
0.00247686226183
0.00261918526607
0.008275775659
0.00441364093413
0.00404285564283
0.00198794883667
0.00495460897873
0.00206467262137
0.00261918526607
0.00262793427976
0.00816588255445
0.00466966391754
0.00506253063136
0.00284569966263
0.00816588255445
0.00570892788386
0.008275775659
0.00885347665395
0.0288294370388
0.0148738302707
0.0111020053721
0.00522003722153
0.0102534635253
0.00466966391754
0.00441364093413
0.00409746394241
0.0106930864556
0.00459187652254
0.00383064712901
0.00198203840138
0.00459187652254
0.00345106668991
0.00404285564283
0.00420830237028
0.0124460151929
0.00474762262451
0.00384385736483
0.00184913581685
0.00406002852502
0.00180674640747
0.00198794883667
0.00193689916105
0.00560100623123
0.00352948782666
0.00343186782603
0.00188096745063
0.00501801242611
0.00367691403097
0.00495460897873
0.00527214717662
0.0166532648656
0.00552384058433
0.00447704438151
0.00210864427965
0.00459187652254
0.00192460327205
0.00206467262137
0.0019579086213
0.00558598854186
0.00210864427965
0.00200874091096
0.001069836006
0.00280322627367
0.0019579086213
0.00261918526607
0.00275206277402
0.00869727089376
0.00447704438151
0.00411946192552
0.00200874091096
0.00501801242611
0.00206467262137
0.00262793427976
0.00261918526607
0.00816588255445
0.00459187652254
0.00501801242611
0.00280322627367
0.00808809515945
0.00558598854186
0.00816588255445
0.00869727089376
0.0284709514314
0.0130838837531
0.0106119491327
0.00493709884463
0.0106930864556
0.00441364093413
0.00466966391754
0.00436450813047
0.0123412699387
0.00447704438151
0.00417038128778
0.00217804323088
0.00558598854186
0.00386657792498
0.00506253063136
0.00527214717662
0.0165241090271
0.0052514683828
0.00474762262451
0.00228502461692
0.00560100623123
0.00228502461692
0.00284569966263
0.00280331025325
0.00866381275994
0.00474762262451
0.00514095176811
0.00284569966263
0.00816588255445
0.00560100623123
0.00816588255445
0.00866381275994
0.0283662061772
0.0125710572434
0.0111428317731
0.00522003722153
0.0124460151929
0.00479854198677
0.00570892788386
0.00546026579668
0.0165241090271
0.00552384058433
0.00577410716192
0.0031056030063
0.00869727089376
0.00577410716192
0.008275775659
0.00869727089376
0.0283411217582
0.0130838837531
0.01291472216
0.0062999006989
0.0166532648656
0.00654856278608
0.00885347665395
0.00885347665395
0.0283662061772
0.0148738302707
0.0171030101831
0.00958012767578
0.0284709514314
0.0190848885641
0.0288294370388
0.0306340864448
0.101728988397
0.0582848834715
0.0423040415076
0.0190848885641
0.0348805553206
0.0171030101831
0.0148738302707
0.0130691808648
0.0313993605752
0.0166532648656
0.01291472216
0.0062999006989
0.0130838837531
0.0107515871466
0.0111020053721
0.0111020053721
0.0303636885851
0.0165241090271
0.0124460151929
0.00570892788386
0.0111428317731
0.00546026579668
0.00522003722153
0.00479854198677
0.0125710572434
0.0101781349253
0.0087112080746
0.0044933861997
0.0106119491327
0.0087112080746
0.0102534635253
0.0106119491327
0.0313993605752
0.0165241090271
0.0123412699387
0.00558598854186
0.0106930864556
0.00506253063136
0.00466966391754
0.00417038128778
0.0106119491327
0.00527214717662
0.00436450813047
0.00217804323088
0.00493709884463
0.00386657792498
0.00441364093413
0.00447704438151
0.0130838837531
0.0100483052522
0.00813230691863
0.00378680713552
0.00818413405483
0.00378680713552
0.00409746394241
0.00388784739715
0.0111428317731
0.00813230691863
0.00772090319325
0.00409746394241
0.0106930864556
0.00818413405483
0.0106930864556
0.0111428317731
0.0348805553206
0.0166532648656
0.0124460151929
0.00560100623123
0.0106930864556
0.00501801242611
0.00459187652254
0.00406002852502
0.0102534635253
0.00495460897873
0.00404285564283
0.00198794883667
0.00441364093413
0.00343186782603
0.00383064712901
0.00384385736483
0.0111020053721
0.00527214717662
0.00420830237028
0.00193689916105
0.00409746394241
0.00188096745063
0.00198203840138
0.00184913581685
0.00522003722153
0.00367691403097
0.00345106668991
0.00180674640747
0.00466966391754
0.00352948782666
0.00459187652254
0.00474762262451
0.0148738302707
0.0101781349253
0.00813230691863
0.00367691403097
0.00772090319325
0.00335390911906
0.00345106668991
0.00313175266134
0.00871120807459
0.00367691403097
0.00338588741185
0.00172213505771
0.00436450813047
0.00313175266134
0.00404285564283
0.00411946192552
0.01291472216
0.00813230691863
0.0072325879127
0.00338588741185
0.00813230691863
0.00345106668991
0.00420830237028
0.00404285564283
0.0124460151929
0.00772090319325
0.00813230691863
0.00436450813047
0.0123412699387
0.00871120807459
0.0124460151929
0.01291472216
0.0423040415076
0.0171030101831
0.01291472216
0.00577410716192
0.0111428317731
0.00514095176811
0.00474762262451
0.00417038128778
0.0106119491327
0.00501801242611
0.00411946192552
0.00200874091096
0.00447704438151
0.00343186782603
0.00384385736483
0.00383064712901
0.0111020053721
0.00506253063136
0.00404285564283
0.0018445380118
0.00388784739715
0.00176759684113
0.00184913581685
0.00170683788919
0.00479854198677
0.00335390911906
0.00313175266134
0.00162222653943
0.00417038128778
0.00313175266134
0.00406002852502
0.00417038128778
0.0130691808648
0.00546026579668
0.00436450813047
0.0019579086213
0.00409746394241
0.00176759684113
0.00180674640747
0.00162222653943
0.0044933861997
0.00188096745063
0.00172213505771
0.000865198328471
0.00217804323088
0.00154675908423
0.00198794883667
0.00200874091096
0.0062999006989
0.00378680713552
0.00338588741185
0.00157106303978
0.00378680713552
0.00158023201092
0.00193689916105
0.0018445380118
0.00570892788386
0.00345106668991
0.00367691403097
0.0019579086213
0.00558598854186
0.00386657792498
0.00560100623123
0.00577410716192
0.0190848885641
0.0107515871466
0.0087112080746
0.00386657792498
0.00818413405483
0.00343186782603
0.00352948782666
0.00313175266134
0.00871120807459
0.00343186782603
0.00313175266134
0.00154675908423
0.00386657792498
0.00268769183721
0.00343186782603
0.00343186782603
0.0107515871466
0.00386657792498
0.00345106668991
0.00158023201092
0.00378680713552
0.00154675908423
0.00188096745063
0.00176759684113
0.00546026579668
0.00313175266134
0.00335390911906
0.00176759684113
0.00506253063136
0.00343186782603
0.00501801242611
0.00514095176811
0.0171030101831
0.0087112080746
0.00772090319325
0.00345106668991
0.00813230691863
0.00313175266134
0.00367691403097
0.00335390911906
0.0101781349253
0.00352948782666
0.00367691403097
0.00188096745063
0.00527214717662
0.00343186782603
0.00495460897873
0.00501801242611
0.0166532648656
0.00818413405483
0.00813230691863
0.00378680713552
0.0100483052522
0.00386657792498
0.00527214717662
0.00506253063136
0.0165241090271
0.00871120807459
0.0101781349253
0.00546026579668
0.0165241090271
0.0107515871466
0.0166532648656
0.0171030101831
0.0582848834715
0.0190848885641
0.0148738302707
0.00654856278608
0.0130838837531
0.00577410716192
0.00552384058433
0.00479854198677
0.0125710572434
0.00560100623123
0.00474762262451
0.00228502461692
0.0052514683828
0.00386657792498
0.00447704438151
0.00441364093413
0.0130838837531
0.00558598854186
0.00459187652254
0.00206467262137
0.00447704438151
0.0019579086213
0.00210864427965
0.00192460327205
0.00552384058433
0.00367691403097
0.00352948782666
0.00180674640747
0.00474762262451
0.00345106668991
0.00459187652254
0.00466966391754
0.0148738302707
0.00570892788386
0.00466966391754
0.00206467262137
0.00441364093413
0.0018445380118
0.00192460327205
0.00170683788919
0.00479854198677
0.00193689916105
0.00180674640747
0.00089512952944
0.00228502461692
0.00158023201092
0.00206467262137
0.00206467262137
0.00654856278608
0.00378680713552
0.00345106668991
0.00158023201092
0.00386657792498
0.00157106303978
0.0019579086213
0.0018445380118
0.00577410716192
0.00338588741185
0.00367691403097
0.00193689916105
0.00560100623123
0.00378680713552
0.00558598854186
0.00570892788386
0.0190848885641
0.0062999006989
0.00522003722153
0.00228502461692
0.00493709884463
0.00200874091096
0.00210864427965
0.00184913581685
0.00522003722153
0.00198794883667
0.00184913581685
0.000900906035612
0.00228502461692
0.00154675908423
0.00200874091096
0.00198794883667
0.0062999006989
0.00217804323088
0.00198203840138
0.00089512952944
0.00217804323088
0.000865198328471
0.001069836006
0.000993838950388
0.0031056030063
0.00172213505771
0.00188096745063
0.000979893230844
0.00284569966263
0.00188096745063
0.00280322627367
0.00284569966263
0.00958012767578
0.0044933861997
0.00409746394241
0.00180674640747
0.00436450813047
0.00162222653943
0.0019579086213
0.00176759684113
0.00546026579668
0.00180674640747
0.00193689916105
0.000979893230844
0.00280331025325
0.00176759684113
0.00261918526607
0.00262793427976
0.00885347665395
0.00409746394241
0.00420830237028
0.00193689916105
0.00527214717662
0.0019579086213
0.00275206277402
0.00261918526607
0.00869727089376
0.00436450813047
0.00527214717662
0.00280331025325
0.00866381275994
0.00546026579668
0.00869727089376
0.00885347665395
0.0306340864448
0.0130691808648
0.0111020053721
0.00479854198677
0.0106119491327
0.00417038128778
0.00447704438151
0.00388784739715
0.0111428317731
0.00406002852502
0.00384385736483
0.00184913581685
0.00474762262451
0.00313175266134
0.00411946192552
0.00404285564283
0.01291472216
0.00417038128778
0.00383064712901
0.00170683788919
0.00417038128778
0.00162222653943
0.00200874091096
0.0018445380118
0.00577410716192
0.00313175266134
0.00343186782603
0.00176759684113
0.00514095176811
0.00335390911906
0.00501801242611
0.00506253063136
0.0171030101831
0.00479854198677
0.00441364093413
0.00192460327205
0.00466966391754
0.00170683788919
0.00206467262137
0.0018445380118
0.00570892788386
0.00184913581685
0.00198794883667
0.000993838950388
0.00284569966263
0.00176759684113
0.00262793427976
0.00261918526607
0.00885347665395
0.00388784739715
0.00404285564283
0.0018445380118
0.00506253063136
0.0018445380118
0.00261918526607
0.00247686226183
0.008275775659
0.00404285564283
0.00495460897873
0.00261918526607
0.00816588255445
0.00506253063136
0.00816588255445
0.008275775659
0.0288294370388
0.0111020053721
0.0102534635253
0.00441364093413
0.0106930864556
0.00383064712901
0.00459187652254
0.00404285564283
0.0124460151929
0.00384385736483
0.00406002852502
0.00198794883667
0.00560100623123
0.00343186782603
0.00501801242611
0.00495460897873
0.0166532648656
0.00447704438151
0.00459187652254
0.00206467262137
0.00558598854186
0.00200874091096
0.00280322627367
0.00261918526607
0.00869727089376
0.00411946192552
0.00501801242611
0.00262793427976
0.00816588255445
0.00501801242611
0.00808809515945
0.00816588255445
0.0284709514314
0.0106119491327
0.0106930864556
0.00466966391754
0.0123412699387
0.00417038128778
0.00558598854186
0.00506253063136
0.0165241090271
0.00474762262451
0.00560100623123
0.00284569966263
0.00866381275994
0.00514095176811
0.00816588255445
0.00816588255445
0.0283662061772
0.0111428317731
0.0124460151929
0.00570892788386
0.0165241090271
0.00577410716192
0.00869727089376
0.008275775659
0.0283411217582
0.01291472216
0.0166532648656
0.00885347665395
0.0283662061772
0.0171030101831
0.0284709514314
0.0288294370388
0.101728988397
0.0423040415076
0.0348805553206
0.0148738302707
0.0313993605752
0.01291472216
0.0130838837531
0.0111020053721
0.0303636885851
0.0124460151929
0.0111428317731
0.00522003722153
0.0125710572434
0.0087112080746
0.0106119491327
0.0102534635253
0.0313993605752
0.0123412699387
0.0106930864556
0.00466966391754
0.0106119491327
0.00436450813047
0.00493709884463
0.00441364093413
0.0130838837531
0.00813230691863
0.00818413405483
0.00409746394241
0.0111428317731
0.00772090319325
0.0106930864556
0.0106930864556
0.0348805553206
0.0124460151929
0.0106930864556
0.00459187652254
0.0102534635253
0.00404285564283
0.00441364093413
0.00383064712901
0.0111020053721
0.00420830237028
0.00409746394241
0.00198203840138
0.00522003722153
0.00345106668991
0.00466966391754
0.00459187652254
0.0148738302707
0.00813230691863
0.00772090319325
0.00345106668991
0.00871120807459
0.00338588741185
0.00436450813047
0.00404285564283
0.01291472216
0.0072325879127
0.00813230691863
0.00420830237028
0.0124460151929
0.00813230691863
0.0123412699387
0.0124460151929
0.0423040415076
0.01291472216
0.0111428317731
0.00474762262451
0.0106119491327
0.00411946192552
0.00447704438151
0.00384385736483
0.0111020053721
0.00404285564283
0.00388784739715
0.00184913581685
0.00479854198677
0.00313175266134
0.00417038128778
0.00406002852502
0.0130691808648
0.00436450813047
0.00409746394241
0.00180674640747
0.0044933861997
0.00172213505771
0.00217804323088
0.00198794883667
0.0062999006989
0.00338588741185
0.00378680713552
0.00193689916105
0.00570892788386
0.00367691403097
0.00558598854186
0.00560100623123
0.0190848885641
0.0087112080746
0.00818413405483
0.00352948782666
0.00871120807459
0.00313175266134
0.00386657792498
0.00343186782603
0.0107515871466
0.00345106668991
0.00378680713552
0.00188096745063
0.00546026579668
0.00335390911906
0.00506253063136
0.00501801242611
0.0171030101831
0.00772090319325
0.00813230691863
0.00367691403097
0.0101781349253
0.00367691403097
0.00527214717662
0.00495460897873
0.0166532648656
0.00813230691863
0.0100483052522
0.00527214717662
0.0165241090271
0.0101781349253
0.0165241090271
0.0166532648656
0.0582848834715
0.0148738302707
0.0130838837531
0.00552384058433
0.0125710572434
0.00474762262451
0.0052514683828
0.00447704438151
0.0130838837531
0.00459187652254
0.00447704438151
0.00210864427965
0.00552384058433
0.00352948782666
0.00474762262451
0.00459187652254
0.0148738302707
0.00466966391754
0.00441364093413
0.00192460327205
0.00479854198677
0.00180674640747
0.00228502461692
0.00206467262137
0.00654856278608
0.00345106668991
0.00386657792498
0.0019579086213
0.00577410716192
0.00367691403097
0.00560100623123
0.00558598854186
0.0190848885641
0.00522003722153
0.00493709884463
0.00210864427965
0.00522003722153
0.00184913581685
0.00228502461692
0.00200874091096
0.0062999006989
0.00198203840138
0.00217804323088
0.001069836006
0.0031056030063
0.00188096745063
0.00284569966263
0.00280322627367
0.00958012767578
0.00409746394241
0.00436450813047
0.0019579086213
0.00546026579668
0.00193689916105
0.00280331025325
0.00261918526607
0.00885347665395
0.00420830237028
0.00527214717662
0.00275206277402
0.00869727089376
0.00527214717662
0.00866381275994
0.00869727089376
0.0306340864448
0.0111020053721
0.0106119491327
0.00447704438151
0.0111428317731
0.00384385736483
0.00474762262451
0.00411946192552
0.01291472216
0.00383064712901
0.00417038128778
0.00200874091096
0.00577410716192
0.00343186782603
0.00514095176811
0.00501801242611
0.0171030101831
0.00441364093413
0.00466966391754
0.00206467262137
0.00570892788386
0.00198794883667
0.00284569966263
0.00262793427976
0.00885347665395
0.00404285564283
0.00506253063136
0.00261918526607
0.008275775659
0.00495460897873
0.00816588255445
0.00816588255445
0.0288294370388
0.0102534635253
0.0106930864556
0.00459187652254
0.0124460151929
0.00406002852502
0.00560100623123
0.00501801242611
0.0166532648656
0.00459187652254
0.00558598854186
0.00280322627367
0.00869727089376
0.00501801242611
0.00816588255445
0.00808809515945
0.0284709514314
0.0106930864556
0.0123412699387
0.00558598854186
0.0165241090271
0.00560100623123
0.00866381275994
0.00816588255445
0.0283662061772
0.0124460151929
0.0165241090271
0.00869727089376
0.0283411217582
0.0166532648656
0.0283662061772
0.0284709514314
0.101728988397
0.0348805553206
0.0313993605752
0.0130838837531
0.0303636885851
0.0111428317731
0.0125710572434
0.0106119491327
0.0313993605752
0.0106930864556
0.0106119491327
0.00493709884463
0.0130838837531
0.00818413405483
0.0111428317731
0.0106930864556
0.0348805553206
0.0106930864556
0.0102534635253
0.00441364093413
0.0111020053721
0.00409746394241
0.00522003722153
0.00466966391754
0.0148738302707
0.00772090319325
0.00871120807459
0.00436450813047
0.01291472216
0.00813230691863
0.0124460151929
0.0123412699387
0.0423040415076
0.0111428317731
0.0106119491327
0.00447704438151
0.0111020053721
0.00388784739715
0.00479854198677
0.00417038128778
0.0130691808648
0.00409746394241
0.0044933861997
0.00217804323088
0.0062999006989
0.00378680713552
0.00570892788386
0.00558598854186
0.0190848885641
0.00818413405483
0.00871120807459
0.00386657792498
0.0107515871466
0.00378680713552
0.00546026579668
0.00506253063136
0.0171030101831
0.00813230691863
0.0101781349253
0.00527214717662
0.0166532648656
0.0100483052522
0.0165241090271
0.0165241090271
0.0582848834715
0.0130838837531
0.0125710572434
0.0052514683828
0.0130838837531
0.00447704438151
0.00552384058433
0.00474762262451
0.0148738302707
0.00441364093413
0.00479854198677
0.00228502461692
0.00654856278608
0.00386657792498
0.00577410716192
0.00560100623123
0.0190848885641
0.00493709884463
0.00522003722153
0.00228502461692
0.0062999006989
0.00217804323088
0.0031056030063
0.00284569966263
0.00958012767578
0.00436450813047
0.00546026579668
0.00280331025325
0.00885347665395
0.00527214717662
0.00869727089376
0.00866381275994
0.0306340864448
0.0106119491327
0.0111428317731
0.00474762262451
0.01291472216
0.00417038128778
0.00577410716192
0.00514095176811
0.0171030101831
0.00466966391754
0.00570892788386
0.00284569966263
0.00885347665395
0.00506253063136
0.008275775659
0.00816588255445
0.0288294370388
0.0106930864556
0.0124460151929
0.00560100623123
0.0166532648656
0.00558598854186
0.00869727089376
0.00816588255445
0.0284709514314
0.0123412699387
0.0165241090271
0.00866381275994
0.0283662061772
0.0165241090271
0.0283411217582
0.0283662061772
0.101728988397
0.0313993605752
0.0303636885851
0.0125710572434
0.0313993605752
0.0106119491327
0.0130838837531
0.0111428317731
0.0348805553206
0.0102534635253
0.0111020053721
0.00522003722153
0.0148738302707
0.00871120807459
0.01291472216
0.0124460151929
0.0423040415076
0.0106119491327
0.0111020053721
0.00479854198677
0.0130691808648
0.0044933861997
0.0062999006989
0.00570892788386
0.0190848885641
0.00871120807459
0.0107515871466
0.00546026579668
0.0171030101831
0.0101781349253
0.0166532648656
0.0165241090271
0.0582848834715
0.0125710572434
0.0130838837531
0.00552384058433
0.0148738302707
0.00479854198677
0.00654856278608
0.00577410716192
0.0190848885641
0.00522003722153
0.0062999006989
0.0031056030063
0.00958012767578
0.00546026579668
0.00885347665395
0.00869727089376
0.0306340864448
0.0111428317731
0.01291472216
0.00577410716192
0.0171030101831
0.00570892788386
0.00885347665395
0.008275775659
0.0288294370388
0.0124460151929
0.0166532648656
0.00869727089376
0.0284709514314
0.0165241090271
0.0283662061772
0.0283411217582
0.101728988397
0.0303636885851
0.0313993605752
0.0130838837531
0.0348805553206
0.0111020053721
0.0148738302707
0.01291472216
0.0423040415076
0.0111020053721
0.0130691808648
0.0062999006989
0.0190848885641
0.0107515871466
0.0171030101831
0.0166532648656
0.0582848834715
0.0130838837531
0.0148738302707
0.00654856278608
0.0190848885641
0.0062999006989
0.00958012767578
0.00885347665395
0.0306340864448
0.01291472216
0.0171030101831
0.00885347665395
0.0288294370388
0.0166532648656
0.0284709514314
0.0283662061772
0.101728988397
0.0313993605752
0.0348805553206
0.0148738302707
0.0423040415076
0.0130691808648
0.0190848885641
0.0171030101831
0.0582848834715
0.0148738302707
0.0190848885641
0.00958012767578
0.0306340864448
0.0171030101831
0.0288294370388
0.0284709514314
0.101728988397
0.0348805553206
0.0423040415076
0.0190848885641
0.0582848834715
0.0190848885641
0.0306340864448
0.0288294370388
0.101728988397
0.0423040415076
0.0582848834715
0.0306340864448
0.101728988397
0.0582848834715
0.101728988397
0.101728988397
0.367407946276
