0.513849062935
0.147937711336
0.147937711336
0.0942930599356
0.147937711336
0.0491933849234
0.0942930599356
0.0830321717918
0.147937711336
0.0464774731679
0.0491933849234
0.039057464263
0.0942930599356
0.039057464263
0.0830321717918
0.0942930599356
0.147937711336
0.0491933849234
0.0464774731679
0.039057464263
0.0491933849234
0.0215015346976
0.039057464263
0.0491933849234
0.0942930599356
0.039057464263
0.039057464263
0.0464774731679
0.0830321717918
0.0491933849234
0.0942930599356
0.147937711336
0.147937711336
0.0942930599356
0.0491933849234
0.0830321717918
0.0464774731679
0.039057464263
0.039057464263
0.0942930599356
0.0491933849234
0.039057464263
0.0215015346976
0.0491933849234
0.039057464263
0.0464774731679
0.0491933849234
0.147937711336
0.0942930599356
0.0830321717918
0.039057464263
0.0942930599356
0.039057464263
0.0491933849234
0.0464774731679
0.147937711336
0.0830321717918
0.0942930599356
0.0491933849234
0.147937711336
0.0942930599356
0.147937711336
0.147937711336
0.513849062935
