0.38837762215
0.107804743476
0.107804743476
0.0621797561398
0.107804743476
0.0326407387972
0.0621797561398
0.0456509771106
0.107804743476
0.0306881758089
0.0326407387972
0.020578820939
0.0621797561398
0.020578820939
0.0456509771106
0.0382881807798
0.107804743476
0.0302995818715
0.0306881758089
0.0184118846059
0.0326407387972
0.0103113778519
0.020578820939
0.01634211125
0.0621797561398
0.0184118846059
0.020578820939
0.0143895482617
0.0456509771106
0.01634211125
0.0382881807798
0.0353070565591
0.107804743476
0.0301951419666
0.0302995818715
0.0179290230163
0.0306881758089
0.00951722108138
0.0184118846059
0.0141742832206
0.0326407387972
0.00951722108138
0.0103113778519
0.00692886248
0.020578820939
0.00719892557315
0.01634211125
0.0147756492348
0.0621797561398
0.0179290230163
0.0184118846059
0.0118331262949
0.020578820939
0.00692886248
0.0143895482617
0.0126087129017
0.0456509771106
0.0141742832206
0.01634211125
0.0126087129017
0.0382881807798
0.0147756492348
0.0353070565591
0.0353070565591
0.107804743476
0.0301951419666
0.0301951419666
0.0178245831114
0.0302995818715
0.00935707653137
0.0179290230163
0.013691421631
0.0306881758089
0.00889212870438
0.00951722108138
0.0062792299679
0.0184118846059
0.00634474615281
0.0141742832206
0.0126078212054
0.0326407387972
0.00935707653137
0.00951722108138
0.00600916687475
0.0103113778519
0.00341370946742
0.00692886248
0.00594483807433
0.020578820939
0.00634474615281
0.00719892557315
0.00547989024735
0.01634211125
0.00627277971178
0.0147756492348
0.0147756492348
0.0621797561398
0.0178245831114
0.0179290230163
0.0112458248005
0.0184118846059
0.00600916687475
0.0118331262949
0.00995802328274
0.020578820939
0.0062792299679
0.00692886248
0.00515068130386
0.0143895482617
0.00547989024735
0.0126087129017
0.0126078212054
0.0456509771106
0.013691421631
0.0141742832206
0.00995802328274
0.01634211125
0.00594483807433
0.0126087129017
0.012219227268
0.0382881807798
0.0126078212054
0.0147756492348
0.0126078212054
0.0353070565591
0.0147756492348
0.0353070565591
0.0382881807798
0.107804743476
0.0302995818715
0.0301951419666
0.0179290230163
0.0301951419666
0.00935707653137
0.0178245831114
0.013691421631
0.0302995818715
0.00879750033927
0.00935707653137
0.00618460160279
0.0179290230163
0.00618460160279
0.013691421631
0.012219227268
0.0306881758089
0.00879750033927
0.00889212870438
0.00559411494103
0.00951722108138
0.00313516854175
0.0062792299679
0.00535435141257
0.0184118846059
0.0056583638199
0.00634474615281
0.00479350791444
0.0141742832206
0.00541860029144
0.0126078212054
0.0126087129017
0.0326407387972
0.00935707653137
0.00935707653137
0.00584902232473
0.00951722108138
0.00309203348957
0.00600916687475
0.00502514246908
0.0103113778519
0.00313516854175
0.00341370946742
0.0025143823153
0.00692886248
0.00262520745157
0.00594483807433
0.00594483807433
0.020578820939
0.00618460160279
0.00634474615281
0.00446556627699
0.00719892557315
0.00262520745157
0.00547989024735
0.00535435141257
0.01634211125
0.00541860029144
0.00627277971178
0.00541860029144
0.0147756492348
0.00627277971178
0.0147756492348
0.01634211125
0.0621797561398
0.0179290230163
0.0178245831114
0.0112458248005
0.0179290230163
0.00584902232473
0.0112458248005
0.00946498944046
0.0184118846059
0.00559411494103
0.00600916687475
0.00440005009209
0.0118331262949
0.00446556627699
0.00995802328274
0.00995802328274
0.020578820939
0.00618460160279
0.0062792299679
0.00440005009209
0.00692886248
0.0025143823153
0.00515068130386
0.00502514246908
0.0143895482617
0.00479350791444
0.00547989024735
0.00477023508538
0.0126087129017
0.00541860029144
0.0126078212054
0.0141742832206
0.0456509771106
0.013691421631
0.013691421631
0.00946498944046
0.0141742832206
0.00502514246908
0.00995802328274
0.00946498944046
0.01634211125
0.00535435141257
0.00594483807433
0.00502514246909
0.0126087129017
0.00535435141257
0.012219227268
0.013691421631
0.0382881807798
0.012219227268
0.0126078212054
0.00995802328274
0.0147756492348
0.00594483807433
0.0126078212054
0.013691421631
0.0353070565591
0.0126087129017
0.0147756492348
0.0141742832206
0.0353070565591
0.01634211125
0.0382881807798
0.0456509771106
0.107804743476
0.0306881758089
0.0302995818715
0.0184118846059
0.0301951419666
0.00951722108138
0.0179290230163
0.0141742832206
0.0301951419666
0.00889212870438
0.00935707653137
0.00634474615281
0.0178245831114
0.0062792299679
0.013691421631
0.0126078212054
0.0302995818715
0.00879750033927
0.00879750033927
0.0056583638199
0.00935707653137
0.00313516854175
0.00618460160279
0.00541860029144
0.0179290230163
0.00559411494103
0.00618460160279
0.00479350791444
0.013691421631
0.00535435141257
0.012219227268
0.0126087129017
0.0306881758089
0.00889212870438
0.00879750033927
0.00559411494103
0.00889212870438
0.00292431770017
0.00559411494103
0.00477023508538
0.00951722108138
0.00292431770017
0.00313516854175
0.0023466665259
0.0062792299679
0.00241435660998
0.00535435141257
0.00547989024735
0.0184118846059
0.00559411494103
0.0056583638199
0.00404924703723
0.00634474615281
0.0023466665259
0.00479350791444
0.00479350791444
0.0141742832206
0.00477023508538
0.00541860029144
0.00479350791444
0.0126078212054
0.00547989024735
0.0126087129017
0.0143895482617
0.0326407387972
0.00951722108138
0.00935707653137
0.00600916687475
0.00935707653137
0.00309203348957
0.00584902232473
0.00502514246908
0.00951722108138
0.00292431770017
0.00309203348957
0.00230353147372
0.00600916687475
0.00230353147372
0.00502514246908
0.00515068130386
0.0103113778519
0.00313516854175
0.00313516854175
0.00223584138963
0.00341370946742
0.00125723322394
0.0025143823153
0.0025143823153
0.00692886248
0.0023466665259
0.00262520745157
0.0023466665259
0.00594483807433
0.00262520745157
0.00594483807433
0.00692886248
0.020578820939
0.0062792299679
0.00618460160279
0.00440005009209
0.00634474615281
0.00230353147372
0.00446556627699
0.00440005009209
0.00719892557315
0.00241435660998
0.00262520745157
0.00230353147372
0.00547989024735
0.00241435660998
0.00535435141257
0.0062792299679
0.01634211125
0.00535435141257
0.00541860029144
0.00446556627699
0.00627277971178
0.00262520745157
0.00541860029144
0.00618460160279
0.0147756492348
0.00547989024735
0.00627277971178
0.00634474615281
0.0147756492348
0.00719892557315
0.01634211125
0.020578820939
0.0621797561398
0.0184118846059
0.0179290230163
0.0118331262949
0.0178245831114
0.00600916687475
0.0112458248005
0.00995802328274
0.0179290230163
0.00559411494103
0.00584902232473
0.00446556627699
0.0112458248005
0.00440005009209
0.00946498944046
0.00995802328274
0.0184118846059
0.0056583638199
0.00559411494103
0.00404924703723
0.00600916687475
0.00223584138963
0.00440005009209
0.00446556627699
0.0118331262949
0.00404924703723
0.00446556627699
0.00404924703723
0.00995802328274
0.00446556627699
0.00995802328274
0.0118331262949
0.020578820939
0.00634474615281
0.00618460160279
0.00446556627699
0.0062792299679
0.00230353147372
0.00440005009209
0.00440005009209
0.00692886248
0.0023466665259
0.0025143823153
0.00223584138963
0.00515068130386
0.00230353147372
0.00502514246909
0.00600916687475
0.0143895482617
0.00479350791444
0.00479350791444
0.00404924703723
0.00547989024735
0.0023466665259
0.00477023508538
0.00559411494103
0.0126087129017
0.00479350791444
0.00541860029144
0.0056583638199
0.0126078212054
0.00634474615281
0.0141742832206
0.0184118846059
0.0456509771106
0.0141742832206
0.013691421631
0.00995802328274
0.013691421631
0.00502514246908
0.00946498944046
0.00946498944046
0.0141742832206
0.00477023508538
0.00502514246908
0.00440005009209
0.00995802328274
0.00440005009209
0.00946498944046
0.0112458248005
0.01634211125
0.00541860029144
0.00535435141257
0.00446556627699
0.00594483807433
0.0025143823153
0.00502514246908
0.00584902232473
0.0126087129017
0.00479350791444
0.00535435141257
0.00559411494103
0.012219227268
0.00618460160279
0.013691421631
0.0179290230163
0.0382881807798
0.0126078212054
0.012219227268
0.00995802328274
0.0126078212054
0.00515068130386
0.00995802328274
0.0112458248005
0.0147756492348
0.00547989024735
0.00594483807433
0.00600916687475
0.0126078212054
0.0062792299679
0.013691421631
0.0178245831114
0.0353070565591
0.0126087129017
0.0126087129017
0.0118331262949
0.0147756492348
0.00692886248
0.0141742832206
0.0179290230163
0.0353070565591
0.0143895482617
0.01634211125
0.0184118846059
0.0382881807798
0.020578820939
0.0456509771106
0.0621797561398
0.107804743476
0.0326407387972
0.0306881758089
0.020578820939
0.0302995818715
0.0103113778519
0.0184118846059
0.01634211125
0.0301951419666
0.00951722108138
0.00951722108138
0.00719892557315
0.0179290230163
0.00692886248
0.0141742832206
0.0147756492348
0.0301951419666
0.00935707653137
0.00889212870438
0.00634474615281
0.00935707653137
0.00341370946742
0.00634474615281
0.00627277971178
0.0178245831114
0.00600916687475
0.0062792299679
0.00547989024735
0.013691421631
0.00594483807433
0.0126078212054
0.0147756492348
0.0302995818715
0.00935707653137
0.00879750033927
0.00618460160279
0.00879750033927
0.00313516854175
0.0056583638199
0.00541860029144
0.00935707653137
0.00309203348957
0.00313516854175
0.00262520745157
0.00618460160279
0.00262520745157
0.00541860029144
0.00627277971178
0.0179290230163
0.00584902232473
0.00559411494103
0.00446556627699
0.00618460160279
0.0025143823153
0.00479350791444
0.00541860029144
0.013691421631
0.00502514246908
0.00535435141257
0.00535435141257
0.012219227268
0.00594483807433
0.0126087129017
0.01634211125
0.0306881758089
0.00951722108138
0.00889212870438
0.0062792299679
0.00879750033927
0.00313516854175
0.00559411494103
0.00535435141257
0.00889212870438
0.00292431770017
0.00292431770017
0.00241435660998
0.00559411494103
0.0023466665259
0.00477023508538
0.00547989024735
0.00951722108138
0.00309203348957
0.00292431770017
0.00230353147372
0.00313516854175
0.00125723322394
0.0023466665259
0.00262520745157
0.0062792299679
0.00230353147372
0.00241435660998
0.00241435660998
0.00535435141257
0.00262520745157
0.00547989024735
0.00719892557315
0.0184118846059
0.00600916687475
0.00559411494103
0.00440005009209
0.0056583638199
0.00223584138963
0.00404924703723
0.00446556627699
0.00634474615281
0.00230353147372
0.0023466665259
0.00230353147372
0.00479350791444
0.0023466665259
0.00479350791444
0.00634474615281
0.0141742832206
0.00502514246908
0.00477023508538
0.00440005009209
0.00541860029144
0.0025143823153
0.00479350791444
0.00618460160279
0.0126078212054
0.00515068130386
0.00547989024735
0.0062792299679
0.0126087129017
0.00692886248
0.0143895482617
0.020578820939
0.0326407387972
0.0103113778519
0.00951722108138
0.00692886248
0.00935707653137
0.00341370946742
0.00600916687475
0.00594483807433
0.00935707653137
0.00313516854175
0.00309203348957
0.00262520745157
0.00584902232473
0.0025143823153
0.00502514246908
0.00594483807433
0.00951722108138
0.00313516854175
0.00292431770017
0.0023466665259
0.00309203348957
0.00125723322394
0.00230353147372
0.00262520745157
0.00600916687475
0.00223584138963
0.00230353147372
0.0023466665259
0.00502514246908
0.0025143823153
0.00515068130386
0.00692886248
0.0103113778519
0.00341370946742
0.00313516854175
0.0025143823153
0.00313516854175
0.00125723322394
0.00223584138963
0.0025143823153
0.00341370946742
0.00125723322394
0.00125723322394
0.00125723322394
0.0025143823153
0.00125723322394
0.0025143823153
0.00341370946742
0.00692886248
0.0025143823153
0.0023466665259
0.00223584138963
0.00262520745157
0.00125723322394
0.0023466665259
0.00313516854175
0.00594483807433
0.0025143823153
0.00262520745157
0.00313516854175
0.00594483807433
0.00341370946742
0.00692886248
0.0103113778519
0.020578820939
0.00692886248
0.0062792299679
0.00515068130386
0.00618460160279
0.0025143823153
0.00440005009209
0.00502514246908
0.00634474615281
0.0023466665259
0.00230353147372
0.00230353147372
0.00446556627699
0.00223584138963
0.00440005009209
0.00600916687475
0.00719892557315
0.00262520745157
0.00241435660998
0.00230353147372
0.00262520745157
0.00125723322394
0.00230353147372
0.00309203348957
0.00547989024735
0.0023466665259
0.00241435660998
0.00292431770017
0.00535435141257
0.00313516854175
0.0062792299679
0.00951722108138
0.01634211125
0.00594483807433
0.00535435141257
0.00502514246908
0.00541860029144
0.0025143823153
0.00446556627699
0.00584902232473
0.00627277971178
0.00262520745157
0.00262520745157
0.00309203348957
0.00541860029144
0.00313516854175
0.00618460160279
0.00935707653137
0.0147756492348
0.00594483807433
0.00547989024735
0.00600916687475
0.00627277971178
0.00341370946742
0.00634474615281
0.00935707653137
0.0147756492348
0.00692886248
0.00719892557315
0.00951722108138
0.01634211125
0.0103113778519
0.020578820939
0.0326407387972
0.0621797561398
0.020578820939
0.0184118846059
0.0143895482617
0.0179290230163
0.00692886248
0.0118331262949
0.0126087129017
0.0178245831114
0.0062792299679
0.00600916687475
0.00547989024735
0.0112458248005
0.00515068130386
0.00995802328274
0.0126078212054
0.0179290230163
0.00618460160279
0.00559411494103
0.00479350791444
0.00584902232473
0.0025143823153
0.00446556627699
0.00541860029144
0.0112458248005
0.00440005009209
0.00440005009209
0.00477023508538
0.00946498944046
0.00502514246908
0.00995802328274
0.0141742832206
0.0184118846059
0.00634474615281
0.0056583638199
0.00479350791444
0.00559411494103
0.0023466665259
0.00404924703723
0.00479350791444
0.00600916687475
0.00230353147372
0.00223584138963
0.0023466665259
0.00440005009209
0.00230353147372
0.00446556627699
0.00634474615281
0.0118331262949
0.00446556627699
0.00404924703723
0.00404924703723
0.00446556627699
0.00223584138963
0.00404924703723
0.0056583638199
0.00995802328274
0.00440005009209
0.00446556627699
0.00559411494103
0.00995802328274
0.00600916687475
0.0118331262949
0.0184118846059
0.020578820939
0.00719892557315
0.00634474615281
0.00547989024735
0.00618460160279
0.00262520745157
0.00446556627699
0.00535435141257
0.0062792299679
0.00241435660998
0.00230353147372
0.00241435660998
0.00440005009209
0.00230353147372
0.00440005009209
0.0062792299679
0.00692886248
0.00262520745157
0.0023466665259
0.0023466665259
0.0025143823153
0.00125723322394
0.00223584138963
0.00313516854175
0.00515068130386
0.00230353147372
0.00230353147372
0.00292431770017
0.00502514246909
0.00309203348957
0.00600916687475
0.00951722108138
0.0143895482617
0.00547989024735
0.00479350791444
0.00477023508538
0.00479350791444
0.0023466665259
0.00404924703723
0.00559411494103
0.00547989024735
0.00241435660998
0.0023466665259
0.00292431770017
0.00477023508538
0.00292431770017
0.00559411494103
0.00889212870438
0.0126087129017
0.00535435141257
0.00479350791444
0.00559411494103
0.00541860029144
0.00313516854175
0.0056583638199
0.00879750033928
0.0126078212054
0.0062792299679
0.00634474615281
0.00889212870438
0.0141742832206
0.00951722108138
0.0184118846059
0.0306881758089
0.0456509771106
0.01634211125
0.0141742832206
0.0126087129017
0.013691421631
0.00594483807433
0.00995802328274
0.012219227268
0.013691421631
0.00535435141257
0.00502514246908
0.00535435141257
0.00946498944046
0.00502514246908
0.00946498944046
0.013691421631
0.0141742832206
0.00541860029144
0.00477023508538
0.00479350791444
0.00502514246908
0.0025143823153
0.00440005009209
0.00618460160279
0.00995802328274
0.00446556627699
0.00440005009209
0.00559411494103
0.00946498944046
0.00584902232473
0.0112458248005
0.0179290230163
0.01634211125
0.00627277971178
0.00541860029144
0.00541860029144
0.00535435141257
0.00262520745157
0.00446556627699
0.00618460160279
0.00594483807433
0.00262520745157
0.0025143823153
0.00313516854175
0.00502514246909
0.00309203348957
0.00584902232473
0.00935707653137
0.0126087129017
0.00541860029144
0.00479350791444
0.0056583638199
0.00535435141257
0.00313516854175
0.00559411494103
0.00879750033928
0.012219227268
0.00618460160279
0.00618460160279
0.00879750033928
0.013691421631
0.00935707653137
0.0179290230163
0.0302995818715
0.0382881807798
0.0147756492348
0.0126078212054
0.0126078212054
0.012219227268
0.00594483807433
0.00995802328274
0.013691421631
0.0126078212054
0.00547989024735
0.00515068130386
0.0062792299679
0.00995802328274
0.00600916687475
0.0112458248005
0.0178245831114
0.0147756492348
0.00627277971178
0.00547989024735
0.00634474615281
0.00594483807433
0.00341370946742
0.00600916687475
0.00935707653137
0.0126078212054
0.00634474615281
0.0062792299679
0.00889212870438
0.013691421631
0.00935707653137
0.0178245831114
0.0301951419666
0.0353070565591
0.0147756492348
0.0126087129017
0.0141742832206
0.0126087129017
0.00692886248
0.0118331262949
0.0179290230163
0.0147756492348
0.00719892557315
0.00692886248
0.00951722108138
0.0141742832206
0.00951722108138
0.0179290230163
0.0301951419666
0.0353070565591
0.01634211125
0.0143895482617
0.0184118846059
0.01634211125
0.0103113778519
0.0184118846059
0.0302995818715
0.0382881807798
0.020578820939
0.020578820939
0.0306881758089
0.0456509771106
0.0326407387972
0.0621797561398
0.107804743476
0.107804743476
0.0621797561398
0.0326407387972
0.0456509771106
0.0306881758089
0.020578820939
0.020578820939
0.0382881807798
0.0302995818715
0.0184118846059
0.0103113778519
0.01634211125
0.0184118846059
0.0143895482617
0.01634211125
0.0353070565591
0.0301951419666
0.0179290230163
0.00951722108138
0.0141742832206
0.00951722108138
0.00692886248
0.00719892557315
0.0147756492348
0.0179290230163
0.0118331262949
0.00692886248
0.0126087129017
0.0141742832206
0.0126087129017
0.0147756492348
0.0353070565591
0.0301951419666
0.0178245831114
0.00935707653137
0.013691421631
0.00889212870438
0.0062792299679
0.00634474615281
0.0126078212054
0.00935707653137
0.00600916687475
0.00341370946742
0.00594483807433
0.00634474615281
0.00547989024735
0.00627277971178
0.0147756492348
0.0178245831114
0.0112458248005
0.00600916687475
0.00995802328274
0.0062792299679
0.00515068130386
0.00547989024735
0.0126078212054
0.013691421631
0.00995802328274
0.00594483807433
0.012219227268
0.0126078212054
0.0126078212054
0.0147756492348
0.0382881807798
0.0302995818715
0.0179290230163
0.00935707653137
0.013691421631
0.00879750033927
0.00618460160279
0.00618460160279
0.012219227268
0.00879750033927
0.00559411494103
0.00313516854175
0.00535435141257
0.0056583638199
0.00479350791444
0.00541860029144
0.0126087129017
0.00935707653137
0.00584902232473
0.00309203348957
0.00502514246908
0.00313516854175
0.0025143823153
0.00262520745157
0.00594483807433
0.00618460160279
0.00446556627699
0.00262520745157
0.00535435141257
0.00541860029144
0.00541860029144
0.00627277971178
0.01634211125
0.0179290230163
0.0112458248005
0.00584902232473
0.00946498944046
0.00559411494103
0.00440005009209
0.00446556627699
0.00995802328274
0.00618460160279
0.00440005009209
0.0025143823153
0.00502514246908
0.00479350791444
0.00477023508538
0.00541860029144
0.0141742832206
0.013691421631
0.00946498944046
0.00502514246908
0.00946498944046
0.00535435141257
0.00502514246908
0.00535435141257
0.013691421631
0.012219227268
0.00995802328274
0.00594483807433
0.013691421631
0.0126087129017
0.0141742832206
0.01634211125
0.0456509771106
0.0306881758089
0.0184118846059
0.00951722108138
0.0141742832206
0.00889212870438
0.00634474615281
0.0062792299679
0.0126078212054
0.00879750033927
0.0056583638199
0.00313516854175
0.00541860029144
0.00559411494103
0.00479350791444
0.00535435141257
0.0126087129017
0.00889212870438
0.00559411494103
0.00292431770017
0.00477023508538
0.00292431770017
0.0023466665259
0.00241435660998
0.00547989024735
0.00559411494103
0.00404924703723
0.0023466665259
0.00479350791444
0.00477023508538
0.00479350791444
0.00547989024735
0.0143895482617
0.00951722108138
0.00600916687475
0.00309203348957
0.00502514246908
0.00292431770017
0.00230353147372
0.00230353147372
0.00515068130386
0.00313516854175
0.00223584138963
0.00125723322394
0.0025143823153
0.0023466665259
0.0023466665259
0.00262520745157
0.00692886248
0.0062792299679
0.00440005009209
0.00230353147372
0.00440005009209
0.00241435660998
0.00230353147372
0.00241435660998
0.0062792299679
0.00535435141257
0.00446556627699
0.00262520745157
0.00618460160279
0.00547989024735
0.00634474615281
0.00719892557315
0.020578820939
0.0184118846059
0.0118331262949
0.00600916687475
0.00995802328274
0.00559411494103
0.00446556627699
0.00440005009209
0.00995802328274
0.0056583638199
0.00404924703723
0.00223584138963
0.00446556627699
0.00404924703723
0.00404924703723
0.00446556627699
0.0118331262949
0.00634474615281
0.00446556627699
0.00230353147372
0.00440005009209
0.0023466665259
0.00223584138963
0.00230353147372
0.00600916687475
0.00479350791444
0.00404924703723
0.0023466665259
0.00559411494103
0.00479350791444
0.0056583638199
0.00634474615281
0.0184118846059
0.0141742832206
0.00995802328274
0.00502514246908
0.00946498944046
0.00477023508538
0.00440005009209
0.00440005009209
0.0112458248005
0.00541860029144
0.00446556627699
0.0025143823153
0.00584902232473
0.00479350791444
0.00559411494103
0.00618460160279
0.0179290230163
0.0126078212054
0.00995802328274
0.00515068130386
0.0112458248005
0.00547989024735
0.00600916687475
0.0062792299679
0.0178245831114
0.0126087129017
0.0118331262949
0.00692886248
0.0179290230163
0.0143895482617
0.0184118846059
0.020578820939
0.0621797561398
0.0326407387972
0.020578820939
0.0103113778519
0.01634211125
0.00951722108138
0.00719892557315
0.00692886248
0.0147756492348
0.00935707653137
0.00634474615281
0.00341370946742
0.00627277971178
0.00600916687475
0.00547989024735
0.00594483807433
0.0147756492348
0.00935707653137
0.00618460160279
0.00313516854175
0.00541860029144
0.00309203348957
0.00262520745157
0.00262520745157
0.00627277971178
0.00584902232473
0.00446556627699
0.0025143823153
0.00541860029144
0.00502514246908
0.00535435141257
0.00594483807433
0.01634211125
0.00951722108138
0.0062792299679
0.00313516854175
0.00535435141257
0.00292431770017
0.00241435660998
0.0023466665259
0.00547989024735
0.00309203348957
0.00230353147372
0.00125723322394
0.00262520745157
0.00230353147372
0.00241435660998
0.00262520745157
0.00719892557315
0.00600916687475
0.00440005009209
0.00223584138963
0.00446556627699
0.00230353147372
0.00230353147372
0.0023466665259
0.00634474615281
0.00502514246908
0.00440005009209
0.0025143823153
0.00618460160279
0.00515068130386
0.0062792299679
0.00692886248
0.020578820939
0.0103113778519
0.00692886248
0.00341370946742
0.00594483807433
0.00313516854175
0.00262520745157
0.0025143823153
0.00594483807433
0.00313516854175
0.0023466665259
0.00125723322394
0.00262520745157
0.00223584138963
0.0023466665259
0.0025143823153
0.00692886248
0.00341370946742
0.0025143823153
0.00125723322394
0.0025143823153
0.00125723322394
0.00125723322394
0.00125723322394
0.00341370946742
0.0025143823153
0.00223584138963
0.00125723322394
0.00313516854175
0.0025143823153
0.00313516854175
0.00341370946742
0.0103113778519
0.00692886248
0.00515068130386
0.0025143823153
0.00502514246908
0.0023466665259
0.00230353147372
0.00223584138963
0.00600916687475
0.00262520745157
0.00230353147372
0.00125723322394
0.00309203348957
0.0023466665259
0.00292431770017
0.00313516854175
0.00951722108138
0.00594483807433
0.00502514246908
0.0025143823153
0.00584902232473
0.00262520745157
0.00309203348957
0.00313516854175
0.00935707653137
0.00594483807433
0.00600916687475
0.00341370946742
0.00935707653137
0.00692886248
0.00951722108138
0.0103113778519
0.0326407387972
0.020578820939
0.0143895482617
0.00692886248
0.0126087129017
0.0062792299679
0.00547989024735
0.00515068130386
0.0126078212054
0.00618460160279
0.00479350791444
0.0025143823153
0.00541860029144
0.00440005009209
0.00477023508538
0.00502514246909
0.0141742832206
0.00634474615281
0.00479350791444
0.0023466665259
0.00479350791444
0.00230353147372
0.0023466665259
0.00230353147372
0.00634474615281
0.00446556627699
0.00404924703723
0.00223584138963
0.0056583638199
0.00440005009209
0.00559411494103
0.00600916687475
0.0184118846059
0.00719892557315
0.00547989024735
0.00262520745157
0.00535435141257
0.00241435660998
0.00241435660998
0.00230353147372
0.0062792299679
0.00262520745157
0.0023466665259
0.00125723322394
0.00313516854175
0.00230353147372
0.00292431770017
0.00309203348957
0.00951722108138
0.00547989024735
0.00477023508538
0.0023466665259
0.00559411494103
0.00241435660998
0.00292431770017
0.00292431770017
0.00889212870438
0.00535435141257
0.00559411494103
0.00313516854175
0.00879750033927
0.0062792299679
0.00889212870438
0.00951722108138
0.0306881758089
0.01634211125
0.0126087129017
0.00594483807433
0.012219227268
0.00535435141257
0.00535435141257
0.00502514246909
0.013691421631
0.00541860029144
0.00479350791444
0.0025143823153
0.00618460160279
0.00446556627699
0.00559411494103
0.00584902232473
0.0179290230163
0.00627277971178
0.00541860029144
0.00262520745157
0.00618460160279
0.00262520745157
0.00313516854175
0.00309203348957
0.00935707653137
0.00541860029144
0.0056583638199
0.00313516854175
0.00879750033927
0.00618460160279
0.00879750033928
0.00935707653137
0.0302995818715
0.0147756492348
0.0126078212054
0.00594483807433
0.013691421631
0.00547989024735
0.0062792299679
0.00600916687475
0.0178245831114
0.00627277971178
0.00634474615281
0.00341370946742
0.00935707653137
0.00634474615281
0.00889212870438
0.00935707653137
0.0301951419666
0.0147756492348
0.0141742832206
0.00692886248
0.0179290230163
0.00719892557315
0.00951722108138
0.00951722108138
0.0301951419666
0.01634211125
0.0184118846059
0.0103113778519
0.0302995818715
0.020578820939
0.0306881758089
0.0326407387972
0.107804743476
0.0621797561398
0.0456509771106
0.020578820939
0.0382881807798
0.0184118846059
0.01634211125
0.0143895482617
0.0353070565591
0.0179290230163
0.0141742832206
0.00692886248
0.0147756492348
0.0118331262949
0.0126087129017
0.0126087129017
0.0353070565591
0.0178245831114
0.013691421631
0.0062792299679
0.0126078212054
0.00600916687475
0.00594483807433
0.00547989024735
0.0147756492348
0.0112458248005
0.00995802328274
0.00515068130386
0.0126078212054
0.00995802328274
0.012219227268
0.0126078212054
0.0382881807798
0.0179290230163
0.013691421631
0.00618460160279
0.012219227268
0.00559411494103
0.00535435141257
0.00479350791444
0.0126087129017
0.00584902232473
0.00502514246908
0.0025143823153
0.00594483807433
0.00446556627699
0.00535435141257
0.00541860029144
0.01634211125
0.0112458248005
0.00946498944046
0.00440005009209
0.00995802328274
0.00440005009209
0.00502514246908
0.00477023508538
0.0141742832206
0.00946498944046
0.00946498944046
0.00502514246908
0.013691421631
0.00995802328274
0.013691421631
0.0141742832206
0.0456509771106
0.0184118846059
0.0141742832206
0.00634474615281
0.0126078212054
0.0056583638199
0.00541860029144
0.00479350791444
0.0126087129017
0.00559411494103
0.00477023508538
0.0023466665259
0.00547989024735
0.00404924703723
0.00479350791444
0.00479350791444
0.0143895482617
0.00600916687475
0.00502514246908
0.00230353147372
0.00515068130386
0.00223584138963
0.0025143823153
0.0023466665259
0.00692886248
0.00440005009209
0.00440005009209
0.00230353147372
0.0062792299679
0.00446556627699
0.00618460160279
0.00634474615281
0.020578820939
0.0118331262949
0.00995802328274
0.00446556627699
0.00995802328274
0.00404924703723
0.00446556627699
0.00404924703723
0.0118331262949
0.00446556627699
0.00440005009209
0.00223584138963
0.00600916687475
0.00404924703723
0.00559411494103
0.0056583638199
0.0184118846059
0.00995802328274
0.00946498944046
0.00440005009209
0.0112458248005
0.00446556627699
0.00584902232473
0.00559411494103
0.0179290230163
0.00995802328274
0.0112458248005
0.00600916687475
0.0178245831114
0.0118331262949
0.0179290230163
0.0184118846059
0.0621797561398
0.020578820939
0.01634211125
0.00719892557315
0.0147756492348
0.00634474615281
0.00627277971178
0.00547989024735
0.0147756492348
0.00618460160279
0.00541860029144
0.00262520745157
0.00627277971178
0.00446556627699
0.00541860029144
0.00535435141257
0.01634211125
0.0062792299679
0.00535435141257
0.00241435660998
0.00547989024735
0.00230353147372
0.00262520745157
0.00241435660998
0.00719892557315
0.00440005009209
0.00446556627699
0.00230353147372
0.00634474615281
0.00440005009209
0.00618460160279
0.0062792299679
0.020578820939
0.00692886248
0.00594483807433
0.00262520745157
0.00594483807433
0.0023466665259
0.00262520745157
0.0023466665259
0.00692886248
0.0025143823153
0.0025143823153
0.00125723322394
0.00341370946742
0.00223584138963
0.00313516854175
0.00313516854175
0.0103113778519
0.00515068130386
0.00502514246908
0.00230353147372
0.00600916687475
0.00230353147372
0.00309203348957
0.00292431770017
0.00951722108138
0.00502514246908
0.00584902232473
0.00309203348957
0.00935707653137
0.00600916687475
0.00935707653137
0.00951722108138
0.0326407387972
0.0143895482617
0.0126087129017
0.00547989024735
0.0126078212054
0.00479350791444
0.00541860029144
0.00477023508538
0.0141742832206
0.00479350791444
0.00479350791444
0.0023466665259
0.00634474615281
0.00404924703723
0.0056583638199
0.00559411494103
0.0184118846059
0.00547989024735
0.00535435141257
0.00241435660998
0.0062792299679
0.0023466665259
0.00313516854175
0.00292431770017
0.00951722108138
0.00477023508538
0.00559411494103
0.00292431770017
0.00889212870438
0.00559411494103
0.00879750033928
0.00889212870438
0.0306881758089
0.0126087129017
0.012219227268
0.00535435141257
0.013691421631
0.00479350791444
0.00618460160279
0.00559411494103
0.0179290230163
0.00541860029144
0.00618460160279
0.00313516854175
0.00935707653137
0.0056583638199
0.00879750033928
0.00879750033928
0.0302995818715
0.0126078212054
0.013691421631
0.0062792299679
0.0178245831114
0.00634474615281
0.00935707653137
0.00889212870438
0.0301951419666
0.0141742832206
0.0179290230163
0.00951722108138
0.0301951419666
0.0184118846059
0.0302995818715
0.0306881758089
0.107804743476
0.0456509771106
0.0382881807798
0.01634211125
0.0353070565591
0.0141742832206
0.0147756492348
0.0126087129017
0.0353070565591
0.013691421631
0.0126078212054
0.00594483807433
0.0147756492348
0.00995802328274
0.0126078212054
0.012219227268
0.0382881807798
0.013691421631
0.012219227268
0.00535435141257
0.0126087129017
0.00502514246908
0.00594483807433
0.00535435141257
0.01634211125
0.00946498944046
0.00995802328274
0.00502514246908
0.0141742832206
0.00946498944046
0.013691421631
0.013691421631
0.0456509771106
0.0141742832206
0.0126078212054
0.00541860029144
0.0126087129017
0.00477023508538
0.00547989024735
0.00479350791444
0.0143895482617
0.00502514246908
0.00515068130386
0.0025143823153
0.00692886248
0.00440005009209
0.0062792299679
0.00618460160279
0.020578820939
0.00995802328274
0.00995802328274
0.00446556627699
0.0118331262949
0.00440005009209
0.00600916687475
0.00559411494103
0.0184118846059
0.00946498944046
0.0112458248005
0.00584902232473
0.0179290230163
0.0112458248005
0.0178245831114
0.0179290230163
0.0621797561398
0.01634211125
0.0147756492348
0.00627277971178
0.0147756492348
0.00541860029144
0.00627277971178
0.00541860029144
0.01634211125
0.00535435141257
0.00547989024735
0.00262520745157
0.00719892557315
0.00446556627699
0.00634474615281
0.00618460160279
0.020578820939
0.00594483807433
0.00594483807433
0.00262520745157
0.00692886248
0.0025143823153
0.00341370946742
0.00313516854175
0.0103113778519
0.00502514246908
0.00600916687475
0.00309203348957
0.00951722108138
0.00584902232473
0.00935707653137
0.00935707653137
0.0326407387972
0.0126087129017
0.0126078212054
0.00541860029144
0.0141742832206
0.00479350791444
0.00634474615281
0.0056583638199
0.0184118846059
0.00535435141257
0.0062792299679
0.00313516854175
0.00951722108138
0.00559411494103
0.00889212870438
0.00879750033928
0.0306881758089
0.012219227268
0.013691421631
0.00618460160279
0.0179290230163
0.00618460160279
0.00935707653137
0.00879750033927
0.0302995818715
0.013691421631
0.0178245831114
0.00935707653137
0.0301951419666
0.0179290230163
0.0301951419666
0.0302995818715
0.107804743476
0.0382881807798
0.0353070565591
0.0147756492348
0.0353070565591
0.0126078212054
0.0147756492348
0.0126078212054
0.0382881807798
0.012219227268
0.0126087129017
0.00594483807433
0.01634211125
0.00995802328274
0.0141742832206
0.013691421631
0.0456509771106
0.0126078212054
0.0126087129017
0.00547989024735
0.0143895482617
0.00515068130386
0.00692886248
0.0062792299679
0.020578820939
0.00995802328274
0.0118331262949
0.00600916687475
0.0184118846059
0.0112458248005
0.0179290230163
0.0178245831114
0.0621797561398
0.0147756492348
0.0147756492348
0.00627277971178
0.01634211125
0.00547989024735
0.00719892557315
0.00634474615281
0.020578820939
0.00594483807433
0.00692886248
0.00341370946742
0.0103113778519
0.00600916687475
0.00951722108138
0.00935707653137
0.0326407387972
0.0126078212054
0.0141742832206
0.00634474615281
0.0184118846059
0.0062792299679
0.00951722108138
0.00889212870438
0.0306881758089
0.013691421631
0.0179290230163
0.00935707653137
0.0302995818715
0.0178245831114
0.0301951419666
0.0301951419666
0.107804743476
0.0353070565591
0.0353070565591
0.0147756492348
0.0382881807798
0.0126087129017
0.01634211125
0.0141742832206
0.0456509771106
0.0126087129017
0.0143895482617
0.00692886248
0.020578820939
0.0118331262949
0.0184118846059
0.0179290230163
0.0621797561398
0.0147756492348
0.01634211125
0.00719892557315
0.020578820939
0.00692886248
0.0103113778519
0.00951722108138
0.0326407387972
0.0141742832206
0.0184118846059
0.00951722108138
0.0306881758089
0.0179290230163
0.0302995818715
0.0301951419666
0.107804743476
0.0353070565591
0.0382881807798
0.01634211125
0.0456509771106
0.0143895482617
0.020578820939
0.0184118846059
0.0621797561398
0.01634211125
0.020578820939
0.0103113778519
0.0326407387972
0.0184118846059
0.0306881758089
0.0302995818715
0.107804743476
0.0382881807798
0.0456509771106
0.020578820939
0.0621797561398
0.020578820939
0.0326407387972
0.0306881758089
0.107804743476
0.0456509771106
0.0621797561398
0.0326407387972
0.107804743476
0.0621797561398
0.107804743476
0.107804743476
0.38837762215
