0.459080394541
0.129211722921
0.129211722921
0.0773689968763
0.129211722921
0.0404029130879
0.0773689968763
0.0606638270984
0.129211722921
0.0378488825907
0.0404029130879
0.0274138833193
0.0773689968763
0.0274138833193
0.0606638270984
0.0563547506969
0.129211722921
0.0374660114806
0.0378488825907
0.0245529674496
0.0404029130879
0.0137267813574
0.0274138833193
0.0246511174093
0.0773689968763
0.0245529674496
0.0274138833193
0.0220970869121
0.0606638270984
0.0246511174093
0.0563547506969
0.0606638270984
0.129211722921
0.0378488825907
0.0374660114806
0.0245529674496
0.0378488825907
0.0128283980528
0.0245529674496
0.0220970869121
0.0404029130879
0.0128283980528
0.0137267813574
0.011019350772
0.0274138833193
0.0112947618214
0.0246511174093
0.0274138833193
0.0773689968763
0.0245529674496
0.0245529674496
0.0191601853048
0.0274138833193
0.011019350772
0.0220970869121
0.0245529674496
0.0606638270984
0.0220970869121
0.0246511174093
0.0245529674496
0.0563547506969
0.0274138833193
0.0606638270984
0.0773689968763
0.129211722921
0.0404029130879
0.0378488825907
0.0274138833193
0.0374660114806
0.0137267813574
0.0245529674496
0.0246511174093
0.0378488825907
0.0128283980528
0.0128283980528
0.0112947618214
0.0245529674496
0.011019350772
0.0220970869121
0.0274138833193
0.0404029130879
0.0137267813574
0.0128283980528
0.011019350772
0.0137267813574
0.00601667136487
0.011019350772
0.0137267813574
0.0274138833193
0.011019350772
0.0112947618214
0.0128283980528
0.0246511174093
0.0137267813574
0.0274138833193
0.0404029130879
0.0773689968763
0.0274138833193
0.0245529674496
0.0220970869121
0.0245529674496
0.011019350772
0.0191601853048
0.0245529674496
0.0274138833193
0.0112947618214
0.011019350772
0.0128283980528
0.0220970869121
0.0128283980528
0.0245529674496
0.0378488825907
0.0606638270984
0.0246511174093
0.0220970869121
0.0245529674496
0.0246511174093
0.0137267813574
0.0245529674496
0.0374660114806
0.0563547506969
0.0274138833193
0.0274138833193
0.0378488825907
0.0606638270984
0.0404029130879
0.0773689968763
0.129211722921
0.129211722921
0.0773689968763
0.0404029130879
0.0606638270984
0.0378488825907
0.0274138833193
0.0274138833193
0.0563547506969
0.0374660114806
0.0245529674496
0.0137267813574
0.0246511174093
0.0245529674496
0.0220970869121
0.0246511174093
0.0606638270984
0.0378488825907
0.0245529674496
0.0128283980528
0.0220970869121
0.0128283980528
0.011019350772
0.0112947618214
0.0274138833193
0.0245529674496
0.0191601853048
0.011019350772
0.0245529674496
0.0220970869121
0.0245529674496
0.0274138833193
0.0773689968763
0.0404029130879
0.0274138833193
0.0137267813574
0.0246511174093
0.0128283980528
0.0112947618214
0.011019350772
0.0274138833193
0.0137267813574
0.011019350772
0.00601667136487
0.0137267813574
0.011019350772
0.0128283980528
0.0137267813574
0.0404029130879
0.0274138833193
0.0220970869121
0.011019350772
0.0245529674496
0.0112947618214
0.0128283980528
0.0128283980528
0.0378488825907
0.0246511174093
0.0245529674496
0.0137267813574
0.0374660114806
0.0274138833193
0.0378488825907
0.0404029130879
0.129211722921
0.0773689968763
0.0606638270984
0.0274138833193
0.0563547506969
0.0245529674496
0.0246511174093
0.0220970869121
0.0606638270984
0.0245529674496
0.0220970869121
0.011019350772
0.0274138833193
0.0191601853048
0.0245529674496
0.0245529674496
0.0773689968763
0.0274138833193
0.0246511174093
0.0112947618214
0.0274138833193
0.011019350772
0.0137267813574
0.0128283980528
0.0404029130879
0.0220970869121
0.0245529674496
0.0128283980528
0.0378488825907
0.0245529674496
0.0374660114806
0.0378488825907
0.129211722921
0.0606638270984
0.0563547506969
0.0246511174093
0.0606638270984
0.0220970869121
0.0274138833193
0.0245529674496
0.0773689968763
0.0246511174093
0.0274138833193
0.0137267813574
0.0404029130879
0.0245529674496
0.0378488825907
0.0374660114806
0.129211722921
0.0563547506969
0.0606638270984
0.0274138833193
0.0773689968763
0.0274138833193
0.0404029130879
0.0378488825907
0.129211722921
0.0606638270984
0.0773689968763
0.0404029130879
0.129211722921
0.0773689968763
0.129211722921
0.129211722921
0.459080394541
